1	2021
2	9973
3	6492
4	4444
5	8297
6	6554
7	1567
8	7739
9	476
10	7739
11	3196
12	1624
13	4444
14	550
15	5565
16	1833
17	4009
18	3517
19	9973
20	7739
21	7281
22	25
23	9973
24	9973
25	4188
26	346
27	3411
28	8739
29	4444
30	4246
31	9973
32	9973
33	8547
34	2946
35	4078
36	7174
37	3413
38	1561
39	3987
40	9973
41	4444
42	9973
43	3807
44	2989
45	4444
46	6541
47	3411
48	4444
49	9625
50	3411
51	4444
52	9973
53	3085
54	4444
55	8995
56	5033
57	6455
58	1438
59	771
60	4444
61	9973
62	4444
63	2809
64	9973
65	3044
66	318
67	9973
68	4974
69	1509
70	2136
71	4156
72	3086
73	8159
74	410
75	8624
76	9408
77	4444
78	2207
79	9758
80	4444
81	4925
82	4208
83	8479
84	3800
85	9973
86	9973
87	8930
88	322
89	7816
90	8336
91	9956
92	9973
93	5057
94	8119
95	1416
96	3987
97	9353
98	7295
99	9973
100	9973
101	9973
102	3987
103	4444
104	9973
105	4444
106	296
107	450
108	5396
109	5872
110	4444
111	3517
112	7048
113	5588
114	3517
115	3411
116	4444
117	4444
118	8429
119	3411
120	9577
121	8069
122	4444
123	8704
124	4444
125	3517
126	3411
127	8547
128	3912
129	3517
130	2845
131	8417
132	696
133	4444
134	8624
135	3433
136	9973
137	9176
138	9973
139	4444
140	8654
141	9973
142	8839
143	4444
144	9973
145	7739
146	6195
147	4444
148	1004
149	160
150	9973
151	6841
152	3517
153	771
154	4444
155	9710
156	4563
157	5978
158	3066
159	3987
160	7673
161	6541
162	3439
163	2519
164	4444
165	9973
166	6502
167	6652
168	4444
169	3411
170	2845
171	3517
172	1702
173	7537
174	7739
175	4375
176	9973
177	4444
178	4444
179	4444
180	9973
181	2845
182	4444
183	4444
184	9973
185	8897
186	4444
187	3172
188	9973
189	9365
190	3411
191	6128
192	9973
193	7930
194	368
195	1906
196	5186
197	9973
198	9336
199	7794
200	1665
201	9369
202	9973
203	3411
204	792
205	3768
206	7174
207	2845
208	9556
209	7739
210	1613
211	9973
212	4709
213	8019
214	2692
215	4615
216	9973
217	4444
218	4444
219	8599
220	9973
221	4444
222	4444
223	7174
224	3982
225	5246
226	4444
227	9973
228	7174
229	4444
230	4444
231	2875
232	4444
233	4444
234	5778
235	1210
236	8024
237	4444
238	9973
239	4444
240	7174
241	7739
242	9973
243	9973
244	7739
245	4444
246	4444
247	4444
248	7739
249	7743
250	3517
251	1607
252	6554
253	4444
254	2341
255	4563
256	1240
257	4444
258	4709
259	7907
260	9973
261	4444
262	3987
263	6674
264	2511
265	4444
266	4444
267	7739
268	2173
269	7739
270	9878
271	6183
272	4444
273	3366
274	682
275	4444
276	9963
277	9973
278	4444
279	9973
280	4444
281	6849
282	2516
283	608
284	9973
285	4267
286	9973
287	6566
288	2845
289	4444
290	933
291	9973
292	4335
293	7739
294	9973
295	3517
296	2845
297	5344
298	7739
299	7732
300	2104
301	2834
302	4444
303	7739
304	9973
305	9973
306	4444
307	4041
308	9973
309	5638
310	8024
311	6006
312	7739
313	9973
314	7739
315	1291
316	9973
317	1810
318	9973
319	4444
320	7174
321	4444
322	3433
323	389
324	3103
325	4444
326	3517
327	9973
328	4374
329	9241
330	5086
331	2845
332	8878
333	7254
334	4133
335	731
336	1173
337	3411
338	9930
339	237
340	9973
341	9973
342	1770
343	7959
344	4444
345	4836
346	4456
347	2445
348	1312
349	7775
350	9973
351	7097
352	5965
353	9973
354	8233
355	3443
356	4444
357	4444
358	4444
359	7739
360	4769
361	9973
362	9792
363	4444
364	9973
365	4444
366	4444
367	2000
368	9312
369	5527
370	4444
371	9973
372	4444
373	9973
374	3517
375	9878
376	4444
377	9973
378	4444
379	9973
380	3135
381	4444
382	4444
383	4444
384	844
385	2595
386	4444
387	7259
388	4444
389	6931
390	6443
391	4769
392	4444
393	9973
394	648
395	9973
396	4165
397	9072
398	7579
399	4444
400	4444
401	4444
402	2873
403	9792
404	9973
405	9260
406	6187
407	823
408	2759
409	5299
410	9973
411	9973
412	4444
413	7886
414	828
415	4188
416	7739
417	4444
418	8640
419	9973
420	438
421	5630
422	5434
423	1597
424	7254
425	473
426	4444
427	4110
428	9973
429	9973
430	1628
431	8130
432	3517
433	6024
434	9348
435	3951
436	4444
437	2433
438	4444
439	7739
440	8666
441	4444
442	2909
443	3534
444	4444
445	9973
446	8743
447	6372
448	9973
449	7101
450	3082
451	3439
452	5046
453	4444
454	7216
455	1990
456	4444
457	8624
458	4444
459	6964
460	4444
461	9287
462	3726
463	1908
464	5086
465	3517
466	4444
467	3517
468	8711
469	3433
470	4444
471	3463
472	1064
473	8865
474	7739
475	7995
476	6802
477	4444
478	4444
479	2670
480	4444
481	3987
482	4960
483	792
484	9973
485	3987
486	2698
487	741
488	9973
489	648
490	4444
491	7097
492	3411
493	3276
494	9973
495	4444
496	6967
497	9973
498	4444
499	1986
500	4795
501	4444
502	7831
503	4372
504	6481
505	4444
506	7739
507	5316
508	3411
509	4597
510	9973
511	9142
512	8612
513	4444
514	1386
515	9973
516	3457
517	7739
518	5393
519	9645
520	5485
521	6811
522	3655
523	7174
524	7739
525	4535
526	4444
527	7142
528	8699
529	648
530	8875
531	4444
532	4819
533	7739
534	9973
535	3288
536	8374
537	5920
538	7739
539	9973
540	7367
541	7739
542	6234
543	4444
544	3779
545	9745
546	9973
547	3987
548	9973
549	1368
550	4891
551	7843
552	8104
553	578
554	7739
555	1603
556	6150
557	9973
558	8547
559	7739
560	9973
561	6281
562	861
563	9973
564	4174
565	2621
566	9973
567	6990
568	4444
569	6110
570	4185
571	4444
572	7739
573	9516
574	5662
575	6492
576	2845
577	4444
578	4928
579	1374
580	1650
581	4444
582	4948
583	6230
584	2804
585	745
586	4444
587	1523
588	9973
589	8046
590	3987
591	4925
592	9973
593	3630
594	2308
595	3411
596	4055
597	7420
598	5015
599	3987
600	373
601	3411
602	1669
603	6802
604	1731
605	4444
606	7739
607	9973
608	8599
609	9973
610	9792
611	4444
612	4444
613	9973
614	4700
615	4444
616	9973
617	4444
618	4444
619	9938
620	3817
621	24
622	9792
623	9973
624	8931
625	6158
626	9973
627	9973
628	9521
629	9973
630	8224
631	8116
632	9973
633	9973
634	4444
635	7922
636	6898
637	9973
638	8778
639	5485
640	4444
641	4444
642	9973
643	8152
644	2845
645	3517
646	623
647	4249
648	4649
649	5269
650	9973
651	4267
652	8683
653	3411
654	3517
655	3517
656	4944
657	4444
658	9973
659	8683
660	4444
661	7776
662	1299
663	8827
664	9136
665	1962
666	7739
667	9973
668	1659
669	8350
670	4444
671	5804
672	6762
673	9973
674	2579
675	7821
676	4444
677	8148
678	2686
679	4444
680	4444
681	1163
682	4444
683	4444
684	7620
685	8839
686	6287
687	7767
688	1815
689	3517
690	6010
691	7739
692	3097
693	1561
694	4444
695	3469
696	8689
697	6937
698	6758
699	4267
700	9279
701	1726
702	4910
703	3517
704	4444
705	7837
706	3016
707	8118
708	17
709	4568
710	3517
711	3411
712	7732
713	9973
714	6759
715	4386
716	9792
717	333
718	4485
719	7739
720	9973
721	6541
722	7739
723	8024
724	9973
725	3673
726	4444
727	3987
728	7739
729	6493
730	9973
731	6183
732	9973
733	7739
734	6626
735	5605
736	2110
737	2675
738	8688
739	4444
740	2491
741	9973
742	8055
743	4444
744	9973
745	4444
746	6221
747	2845
748	3987
749	6596
750	5642
751	4444
752	9973
753	8946
754	7739
755	207
756	4622
757	4444
758	8416
759	9067
760	1972
761	4444
762	2343
763	4089
764	4444
765	3517
766	9973
767	1146
768	4444
769	3987
770	7739
771	5492
772	3590
773	9831
774	9792
775	3230
776	4444
777	9973
778	9973
779	1561
780	3728
781	3411
782	4444
783	4974
784	4444
785	9833
786	9973
787	715
788	7393
789	8739
790	890
791	8314
792	5761
793	7739
794	2609
795	9973
796	9973
797	455
798	6254
799	9973
800	8960
801	9973
802	6803
803	5040
804	9878
805	4444
806	6841
807	4444
808	452
809	3517
810	6128
811	9973
812	4444
813	1966
814	4444
815	8909
816	4444
817	4444
818	9973
819	7739
820	7739
821	9792
822	9878
823	4444
824	4444
825	891
826	4065
827	9973
828	7665
829	4974
830	5304
831	8498
832	7076
833	4444
834	4444
835	7739
836	3328
837	9973
838	9139
839	2463
840	2021
841	3987
842	9930
843	9973
844	6104
845	7597
846	7739
847	9973
848	9973
849	7022
850	9973
851	9973
852	4444
853	4444
854	3082
855	9973
856	9823
857	4386
858	7739
859	8704
860	9973
861	6050
862	1885
863	4174
864	4444
865	4444
866	3875
867	2845
868	5420
869	6898
870	4444
871	2248
872	4444
873	4444
874	543
875	5495
876	9574
877	3517
878	8839
879	9973
880	3655
881	4444
882	9973
883	9973
884	4444
885	9973
886	4872
887	4444
888	4444
889	8595
890	9792
891	4332
892	5381
893	9973
894	929
895	8086
896	3517
897	4444
898	4862
899	9973
900	4444
901	6802
902	3987
903	9973
904	7739
905	8001
906	4444
907	3220
908	9973
909	5623
910	4444
911	8464
912	9973
913	7739
914	4444
915	6278
916	7739
917	2668
918	7739
919	2141
920	8712
921	9537
922	1491
923	4115
924	4444
925	4444
926	7936
927	4444
928	9973
929	9973
930	4119
931	2416
932	9973
933	2845
934	4444
935	1317
936	4444
937	7021
938	2508
939	9973
940	7068
941	3411
942	2845
943	4444
944	2916
945	7249
946	7739
947	6183
948	7739
949	7181
950	9468
951	6541
952	4444
953	384
954	3167
955	6841
956	1019
957	2104
958	9973
959	6541
960	2368
961	9973
962	9516
963	7628
964	9973
965	4444
966	458
967	4444
968	3757
969	9973
970	9973
971	732
972	9973
973	8116
974	2103
975	8052
976	5461
977	4444
978	2054
979	9973
980	8193
981	3196
982	3861
983	3411
984	4444
985	6285
986	2845
987	7698
988	6596
989	4444
990	5393
991	8624
992	9973
993	9973
994	3517
995	2999
996	7739
997	2845
998	7739
999	8023
1000	8285
1001	9973
1002	9241
1003	4444
1004	2666
1005	69
1006	4444
1007	5205
1008	2491
1009	7320
1010	3399
1011	6072
1012	5654
1013	4444
1014	9767
1015	3104
1016	3936
1017	5383
1018	4444
1019	9973
1020	8341
1021	1236
1022	4444
1023	4444
1024	3411
1025	4444
1026	7571
1027	4444
1028	346
1029	4444
1030	9973
1031	7739
1032	9973
1033	910
1034	7739
1035	7754
1036	130
1037	4444
1038	9973
1039	4870
1040	8931
1041	3411
1042	3517
1043	9260
1044	3957
1045	4444
1046	6143
1047	9890
1048	1523
1049	4721
1050	9792
1051	9973
1052	1966
1053	9244
1054	7739
1055	4444
1056	4444
1057	9973
1058	4578
1059	5943
1060	7732
1061	4444
1062	6861
1063	3672
1064	4444
1065	3517
1066	4952
1067	9963
1068	9973
1069	8367
1070	5125
1071	6941
1072	3747
1073	6637
1074	1966
1075	4188
1076	9324
1077	7739
1078	9062
1079	3987
1080	4444
1081	7487
1082	6672
1083	9973
1084	4444
1085	6652
1086	2120
1087	7732
1088	3525
1089	9973
1090	7739
1091	4444
1092	9973
1093	6743
1094	6256
1095	354
1096	6221
1097	6566
1098	5256
1099	8077
1100	9973
1101	8272
1102	9973
1103	9973
1104	4332
1105	7739
1106	3738
1107	771
1108	4444
1109	5748
1110	9973
1111	18
1112	7174
1113	4444
1114	4472
1115	7080
1116	4444
1117	2335
1118	6082
1119	4444
1120	7732
1121	4444
1122	7739
1123	9973
1124	9973
1125	6113
1126	807
1127	7647
1128	4818
1129	4716
1130	4444
1131	4444
1132	2363
1133	130
1134	1698
1135	6596
1136	9792
1137	9973
1138	9973
1139	9973
1140	9126
1141	9973
1142	9973
1143	4444
1144	9973
1145	9973
1146	1102
1147	3522
1148	2470
1149	2203
1150	7512
1151	6553
1152	9973
1153	4267
1154	2577
1155	951
1156	4444
1157	9973
1158	3517
1159	5968
1160	290
1161	2544
1162	4769
1163	9184
1164	4444
1165	9973
1166	1628
1167	9136
1168	4444
1169	9973
1170	3341
1171	2845
1172	1685
1173	4444
1174	3411
1175	7739
1176	9973
1177	8014
1178	6281
1179	4444
1180	4106
1181	9184
1182	292
1183	3517
1184	9407
1185	4444
1186	7739
1187	2363
1188	7126
1189	319
1190	1341
1191	4444
1192	1665
1193	8473
1194	7739
1195	7637
1196	4444
1197	8624
1198	6542
1199	4444
1200	4444
1201	2845
1202	316
1203	9973
1204	2499
1205	8677
1206	5641
1207	9135
1208	3244
1209	4150
1210	3411
1211	4444
1212	4444
1213	3987
1214	3913
1215	6158
1216	4444
1217	4444
1218	4444
1219	9973
1220	4444
1221	4444
1222	4444
1223	8538
1224	7739
1225	7739
1226	4332
1227	3517
1228	6023
1229	9973
1230	9973
1231	4444
1232	9973
1233	9973
1234	6036
1235	8679
1236	3517
1237	7739
1238	9973
1239	4444
1240	9173
1241	7739
1242	3517
1243	4444
1244	3517
1245	9973
1246	9792
1247	4444
1248	3381
1249	3517
1250	1326
1251	438
1252	4444
1253	8331
1254	4444
1255	9973
1256	4398
1257	3517
1258	1839
1259	7739
1260	4936
1261	5395
1262	3025
1263	7487
1264	6411
1265	9973
1266	2954
1267	3987
1268	5980
1269	4444
1270	5695
1271	8517
1272	4185
1273	4539
1274	4444
1275	9792
1276	8654
1277	7398
1278	9973
1279	4444
1280	112
1281	7476
1282	9973
1283	4444
1284	9973
1285	4444
1286	8576
1287	560
1288	2336
1289	9973
1290	7703
1291	6073
1292	8906
1293	3517
1294	902
1295	8666
1296	3411
1297	3108
1298	4444
1299	8717
1300	3987
1301	6882
1302	9973
1303	9973
1304	6739
1305	6622
1306	9858
1307	9193
1308	7938
1309	2802
1310	5860
1311	6545
1312	4444
1313	9973
1314	1689
1315	339
1316	5950
1317	4444
1318	6653
1319	7274
1320	4444
1321	9973
1322	3517
1323	6276
1324	8689
1325	3874
1326	4444
1327	8350
1328	8230
1329	2168
1330	4444
1331	4444
1332	9973
1333	4979
1334	9881
1335	3319
1336	4057
1337	1171
1338	4444
1339	5149
1340	1493
1341	9973
1342	4444
1343	6018
1344	1019
1345	7739
1346	644
1347	7739
1348	7352
1349	9792
1350	4484
1351	4444
1352	9973
1353	4444
1354	4444
1355	9973
1356	8130
1357	4444
1358	4444
1359	4444
1360	3129
1361	3517
1362	9973
1363	4444
1364	4444
1365	1171
1366	6354
1367	7487
1368	5940
1369	2503
1370	9973
1371	155
1372	4122
1373	4444
1374	6051
1375	4444
1376	3573
1377	4444
1378	9792
1379	6730
1380	4122
1381	4444
1382	6183
1383	4444
1384	3025
1385	9973
1386	6150
1387	2175
1388	3517
1389	1017
1390	9973
1391	9973
1392	8850
1393	9973
1394	4444
1395	4444
1396	9973
1397	9973
1398	9973
1399	5965
1400	4444
1401	9865
1402	9973
1403	4444
1404	5523
1405	8229
1406	7486
1407	7356
1408	9973
1409	1739
1410	2788
1411	9973
1412	6706
1413	9973
1414	2845
1415	9973
1416	878
1417	9792
1418	2460
1419	5479
1420	9196
1421	4444
1422	9973
1423	7739
1424	3517
1425	8224
1426	4156
1427	8294
1428	4444
1429	3573
1430	4444
1431	6841
1432	4444
1433	1313
1434	3517
1435	1888
1436	9973
1437	5980
1438	2890
1439	9973
1440	173
1441	8326
1442	5393
1443	3602
1444	518
1445	3039
1446	3411
1447	2845
1448	9973
1449	7044
1450	9973
1451	3411
1452	4444
1453	4444
1454	2845
1455	543
1456	9973
1457	4386
1458	9973
1459	1507
1460	1185
1461	3987
1462	9973
1463	254
1464	9973
1465	5177
1466	3053
1467	4444
1468	4444
1469	9973
1470	9176
1471	9973
1472	6898
1473	2363
1474	4444
1475	8931
1476	9973
1477	9973
1478	2876
1479	9792
1480	9225
1481	4106
1482	5898
1483	3411
1484	3082
1485	81
1486	3448
1487	9973
1488	4444
1489	2073
1490	7739
1491	6709
1492	4444
1493	5393
1494	1210
1495	1827
1496	9973
1497	9973
1498	2753
1499	7637
1500	3800
1501	9973
1502	48
1503	3875
1504	5316
1505	4444
1506	3517
1507	4444
1508	9973
1509	835
1510	3779
1511	9138
1512	3678
1513	9973
1514	9973
1515	8224
1516	7529
1517	4444
1518	4444
1519	5940
1520	6024
1521	4444
1522	9973
1523	6321
1524	3728
1525	7174
1526	5081
1527	7174
1528	9687
1529	4444
1530	3378
1531	2167
1532	155
1533	8946
1534	3517
1535	8495
1536	994
1537	5641
1538	1559
1539	4444
1540	4444
1541	4444
1542	4444
1543	4444
1544	9973
1545	1539
1546	9975
1547	6474
1548	1001
1549	933
1550	6841
1551	9973
1552	7866
1553	8839
1554	4444
1555	7739
1556	2833
1557	3728
1558	4444
1559	4581
1560	9973
1561	9973
1562	4444
1563	7739
1564	4709
1565	9973
1566	6566
1567	9792
1568	465
1569	7174
1570	8707
1571	220
1572	4664
1573	4444
1574	3851
1575	7739
1576	4621
1577	1466
1578	3987
1579	7089
1580	9973
1581	8024
1582	4444
1583	9973
1584	3533
1585	959
1586	4444
1587	642
1588	7022
1589	4083
1590	1854
1591	6450
1592	9792
1593	8576
1594	4444
1595	7739
1596	1620
1597	7769
1598	2174
1599	2416
1600	1291
1601	4444
1602	287
1603	9973
1604	7739
1605	4567
1606	9973
1607	7174
1608	4444
1609	9208
1610	489
1611	2845
1612	3590
1613	487
1614	2845
1615	9421
1616	4981
1617	3517
1618	7739
1619	6434
1620	766
1621	7739
1622	9973
1623	4588
1624	657
1625	6714
1626	5371
1627	3517
1628	9973
1629	3423
1630	4633
1631	4444
1632	3573
1633	7066
1634	2845
1635	7216
1636	1090
1637	4444
1638	9973
1639	7739
1640	3220
1641	663
1642	4185
1643	4444
1644	4185
1645	4444
1646	1236
1647	5485
1648	254
1649	5642
1650	2717
1651	2845
1652	9973
1653	2021
1654	3433
1655	1781
1656	9878
1657	4267
1658	4444
1659	469
1660	4444
1661	7963
1662	8547
1663	6637
1664	6281
1665	4444
1666	9973
1667	4444
1668	9973
1669	9069
1670	7739
1671	4444
1672	3517
1673	9973
1674	4444
1675	9973
1676	4444
1677	8677
1678	159
1679	7515
1680	1263
1681	3384
1682	9973
1683	3517
1684	9973
1685	8479
1686	1164
1687	9937
1688	7290
1689	9073
1690	3517
1691	4367
1692	4444
1693	4444
1694	3472
1695	9973
1696	1748
1697	354
1698	6492
1699	9660
1700	7141
1701	4444
1702	6596
1703	384
1704	7256
1705	6489
1706	7739
1707	4444
1708	7739
1709	4444
1710	4444
1711	3672
1712	9973
1713	9261
1714	3411
1715	7174
1716	2260
1717	4318
1718	4444
1719	6653
1720	686
1721	4444
1722	8362
1723	2845
1724	3517
1725	4444
1726	8094
1727	6596
1728	6428
1729	9973
1730	8782
1731	6805
1732	3411
1733	9973
1734	9973
1735	9973
1736	7761
1737	4444
1738	1838
1739	4444
1740	159
1741	4444
1742	4444
1743	2756
1744	9193
1745	2484
1746	3721
1747	4444
1748	3517
1749	7007
1750	9973
1751	4444
1752	9973
1753	9744
1754	3128
1755	7905
1756	7118
1757	4253
1758	358
1759	4444
1760	4444
1761	7802
1762	8523
1763	4444
1764	9973
1765	3936
1766	9183
1767	7505
1768	1256
1769	4166
1770	5804
1771	4444
1772	4444
1773	4444
1774	6201
1775	9973
1776	4444
1777	9960
1778	4444
1779	3517
1780	9973
1781	8621
1782	9973
1783	4444
1784	3517
1785	4444
1786	4444
1787	4444
1788	3688
1789	6455
1790	9792
1791	7739
1792	8763
1793	4444
1794	8624
1795	5517
1796	4444
1797	9973
1798	8297
1799	438
1800	9878
1801	9973
1802	7739
1803	4121
1804	438
1805	9618
1806	5297
1807	1875
1808	4444
1809	9973
1810	4444
1811	9973
1812	3517
1813	2919
1814	4444
1815	2200
1816	7739
1817	7739
1818	4444
1819	9973
1820	4444
1821	4444
1822	3767
1823	1540
1824	9973
1825	3517
1826	7739
1827	4593
1828	9973
1829	3265
1830	4444
1831	9973
1832	2968
1833	3517
1834	6158
1835	6281
1836	4444
1837	4444
1838	4444
1839	3987
1840	7861
1841	7174
1842	9245
1843	8760
1844	3176
1845	3517
1846	2621
1847	6158
1848	7991
1849	7367
1850	9973
1851	4350
1852	3517
1853	9973
1854	4508
1855	7050
1856	4444
1857	3934
1858	7761
1859	9973
1860	9011
1861	4444
1862	6434
1863	9973
1864	8612
1865	5480
1866	4444
1867	4444
1868	3987
1869	7739
1870	4106
1871	4769
1872	9973
1873	3517
1874	9973
1875	6548
1876	4444
1877	3603
1878	1517
1879	9415
1880	2139
1881	1121
1882	4444
1883	7739
1884	9726
1885	4991
1886	4444
1887	7739
1888	5305
1889	7739
1890	6865
1891	6834
1892	3879
1893	6409
1894	745
1895	1350
1896	3517
1897	9973
1898	9529
1899	3987
1900	4444
1901	4444
1902	9973
1903	9136
1904	2267
1905	9973
1906	6817
1907	9973
1908	3517
1909	3484
1910	9792
1911	7419
1912	4948
1913	1360
1914	1843
1915	7466
1916	4444
1917	7367
1918	6523
1919	9792
1920	7739
1921	3389
1922	1516
1923	2845
1924	9421
1925	7739
1926	4444
1927	4444
1928	3013
1929	8574
1930	2127
1931	3987
1932	9831
1933	3517
1934	9973
1935	4444
1936	4444
1937	4588
1938	9100
1939	3411
1940	5383
1941	9792
1942	2661
1943	9973
1944	3249
1945	9973
1946	1804
1947	9973
1948	4444
1949	4444
1950	4411
1951	4444
1952	9933
1953	4444
1954	7234
1955	6817
1956	7045
1957	7170
1958	3950
1959	9973
1960	4444
1961	9973
1962	9973
1963	7739
1964	5432
1965	6016
1966	9973
1967	5955
1968	224
1969	4249
1970	9973
1971	7680
1972	7639
1973	6294
1974	9193
1975	7800
1976	648
1977	4444
1978	9973
1979	9973
1980	4444
1981	6622
1982	357
1983	9973
1984	9973
1985	811
1986	7739
1987	4444
1988	3517
1989	8272
1990	7036
1991	4444
1992	4944
1993	4925
1994	9532
1995	4444
1996	9973
1997	1230
1998	3411
1999	5773
2000	7904
2001	2577
2002	9973
2003	9899
2004	5535
2005	7775
2006	9824
2007	9567
2008	5216
2009	3517
2010	7739
2011	7565
2012	160
2013	8870
2014	5107
2015	9973
2016	1667
2017	3760
2018	3517
2019	1171
2020	9973
2021	7174
2022	4444
2023	2161
2024	9973
2025	7024
2026	7583
2027	3815
2028	2845
2029	4444
2030	8624
2031	9973
2032	9250
2033	9418
2034	8089
2035	4444
2036	542
2037	1455
2038	4444
2039	9516
2040	1356
2041	7649
2042	2192
2043	1726
2044	1869
2045	360
2046	4444
2047	7739
2048	2633
2049	2081
2050	9973
2051	4935
2052	7739
2053	9973
2054	5729
2055	563
2056	4444
2057	9973
2058	8763
2059	3987
2060	999
2061	1942
2062	9973
2063	9526
2064	7174
2065	3517
2066	8579
2067	9638
2068	5862
2069	3508
2070	6898
2071	5647
2072	9973
2073	1530
2074	5360
2075	5393
2076	2259
2077	9797
2078	3987
2079	9973
2080	2996
2081	4444
2082	2845
2083	4593
2084	2522
2085	6238
2086	3987
2087	4444
2088	3517
2089	9685
2090	9963
2091	8624
2092	4444
2093	3433
2094	4444
2095	6128
2096	4444
2097	5269
2098	6285
2099	9758
2100	7952
2101	7733
2102	7935
2103	4444
2104	3517
2105	9973
2106	3987
2107	2662
2108	1205
2109	3411
2110	7398
2111	2823
2112	2516
2113	9973
2114	4197
2115	4375
2116	3220
2117	2733
2118	7688
2119	4092
2120	9973
2121	9973
2122	698
2123	1628
2124	7739
2125	9973
2126	3517
2127	4444
2128	9973
2129	9973
2130	4444
2131	2855
2132	5492
2133	4444
2134	4121
2135	5624
2136	9973
2137	3517
2138	3987
2139	3650
2140	3533
2141	7732
2142	5780
2143	623
2144	4444
2145	9973
2146	9973
2147	9792
2148	4444
2149	7739
2150	8074
2151	7036
2152	9973
2153	9973
2154	2845
2155	63
2156	1518
2157	6191
2158	7006
2159	7802
2160	6465
2161	7739
2162	6428
2163	9973
2164	7076
2165	9973
2166	63
2167	8641
2168	4444
2169	2370
2170	4444
2171	7139
2172	7024
2173	2021
2174	3517
2175	4444
2176	8834
2177	3876
2178	5814
2179	9973
2180	7880
2181	6622
2182	7739
2183	3517
2184	9973
2185	4061
2186	7739
2187	7732
2188	7047
2189	2678
2190	3766
2191	6596
2192	7739
2193	4444
2194	6268
2195	8272
2196	4444
2197	1745
2198	3411
2199	3411
2200	7069
2201	6564
2202	4419
2203	8625
2204	9415
2205	9373
2206	6677
2207	9973
2208	7739
2209	7739
2210	9973
2211	8654
2212	4444
2213	823
2214	9973
2215	7936
2216	9759
2217	1122
2218	5624
2219	9973
2220	3517
2221	4444
2222	4444
2223	3517
2224	1113
2225	9973
2226	9973
2227	9973
2228	8993
2229	9973
2230	9973
2231	3517
2232	4168
2233	3411
2234	8192
2235	5630
2236	9973
2237	4881
2238	8872
2239	3517
2240	9916
2241	2586
2242	9973
2243	4444
2244	5182
2245	2491
2246	1353
2247	4444
2248	7739
2249	4444
2250	6566
2251	9973
2252	3989
2253	4444
2254	4043
2255	319
2256	3886
2257	4961
2258	9973
2259	9973
2260	9973
2261	3987
2262	7739
2263	6036
2264	4444
2265	7552
2266	9973
2267	4444
2268	4444
2269	4444
2270	9100
2271	3987
2272	8050
2273	9973
2274	4963
2275	7952
2276	8725
2277	3987
2278	5076
2279	1055
2280	8872
2281	9973
2282	3517
2283	4444
2284	4106
2285	5180
2286	9792
2287	2642
2288	9973
2289	7739
2290	7398
2291	5506
2292	9973
2293	9973
2294	9973
2295	3017
2296	2922
2297	4444
2298	9843
2299	3411
2300	7174
2301	9973
2302	985
2303	4444
2304	9100
2305	987
2306	308
2307	4444
2308	1448
2309	9792
2310	4444
2311	9973
2312	8250
2313	3363
2314	4444
2315	4444
2316	9973
2317	155
2318	4444
2319	9797
2320	9074
2321	8276
2322	4444
2323	9973
2324	3433
2325	9792
2326	4444
2327	3411
2328	9973
2329	8624
2330	9973
2331	1991
2332	4444
2333	7739
2334	3220
2335	3732
2336	640
2337	8896
2338	4568
2339	9973
2340	9973
2341	9757
2342	7952
2343	9973
2344	7739
2345	7362
2346	7174
2347	1644
2348	9792
2349	4925
2350	4444
2351	2465
2352	7565
2353	2231
2354	9073
2355	3517
2356	4811
2357	4444
2358	3411
2359	4161
2360	3517
2361	9973
2362	7197
2363	570
2364	9973
2365	3607
2366	9973
2367	9973
2368	3794
2369	4444
2370	5641
2371	4444
2372	7174
2373	9108
2374	9016
2375	3240
2376	2845
2377	8726
2378	5801
2379	4444
2380	1906
2381	6323
2382	4604
2383	9973
2384	3517
2385	9973
2386	9973
2387	3517
2388	6847
2389	3363
2390	4444
2391	7437
2392	3517
2393	9973
2394	9193
2395	9973
2396	4712
2397	5628
2398	9522
2399	7739
2400	4444
2401	2845
2402	4444
2403	3517
2404	7347
2405	9973
2406	6879
2407	4649
2408	7739
2409	1613
2410	7761
2411	7732
2412	7916
2413	8041
2414	4444
2415	5004
2416	3411
2417	6041
2418	4444
2419	7178
2420	7739
2421	8064
2422	7739
2423	9973
2424	3513
2425	4444
2426	8159
2427	9973
2428	9973
2429	9973
2430	9440
2431	4444
2432	2940
2433	9973
2434	4539
2435	9973
2436	9973
2437	2190
2438	7739
2439	4444
2440	2268
2441	1524
2442	7320
2443	4297
2444	1614
2445	4444
2446	3517
2447	7419
2448	1603
2449	8101
2450	3459
2451	4444
2452	42
2453	4901
2454	1420
2455	3968
2456	9973
2457	9973
2458	3517
2459	2598
2460	9532
2461	9792
2462	6304
2463	4444
2464	9973
2465	6541
2466	4444
2467	4444
2468	3982
2469	495
2470	5898
2471	4054
2472	7174
2473	4444
2474	5860
2475	9708
2476	2129
2477	7891
2478	9973
2479	4444
2480	3411
2481	6523
2482	9973
2483	2093
2484	4444
2485	164
2486	4444
2487	3755
2488	4901
2489	7739
2490	2845
2491	1251
2492	3517
2493	4444
2494	4444
2495	4444
2496	8897
2497	7583
2498	9973
2499	6914
2500	9792
2501	3183
2502	4159
2503	4444
2504	4568
2505	4444
2506	5328
2507	8477
2508	9973
2509	4444
2510	575
2511	6803
2512	3517
2513	7870
2514	9973
2515	6102
2516	4444
2517	3127
2518	9188
2519	9973
2520	6632
2521	1544
2522	3987
2523	8426
2524	6565
2525	9973
2526	4149
2527	2981
2528	4673
2529	4444
2530	1225
2531	9973
2532	9973
2533	5268
2534	586
2535	4191
2536	9973
2537	3411
2538	4444
2539	4444
2540	4444
2541	9792
2542	6919
2543	4806
2544	2586
2545	9973
2546	3517
2547	9973
2548	9973
2549	113
2550	2621
2551	6787
2552	6541
2553	5273
2554	302
2555	4444
2556	8760
2557	9973
2558	4578
2559	4444
2560	5485
2561	4444
2562	9792
2563	586
2564	262
2565	7930
2566	8231
2567	844
2568	4444
2569	4444
2570	5558
2571	5500
2572	5328
2573	4444
2574	4444
2575	5184
2576	4444
2577	9973
2578	7739
2579	7739
2580	5980
2581	3411
2582	2845
2583	7272
2584	4444
2585	9973
2586	4693
2587	9973
2588	9973
2589	4444
2590	4444
2591	4444
2592	9973
2593	4185
2594	7554
2595	3411
2596	4444
2597	3987
2598	6156
2599	9601
2600	28
2601	2845
2602	9973
2603	1712
2604	7882
2605	4444
2606	4444
2607	9973
2608	3517
2609	9973
2610	4886
2611	4743
2612	9973
2613	6281
2614	260
2615	4444
2616	5498
2617	7739
2618	8946
2619	4444
2620	3517
2621	4444
2622	9973
2623	437
2624	2135
2625	344
2626	7252
2627	9973
2628	4185
2629	3873
2630	3516
2631	9973
2632	7478
2633	9973
2634	5395
2635	3525
2636	4462
2637	9973
2638	6048
2639	2885
2640	8731
2641	4444
2642	1175
2643	4817
2644	4444
2645	4444
2646	2839
2647	6157
2648	4444
2649	9973
2650	745
2651	6177
2652	4444
2653	4386
2654	9973
2655	4444
2656	5133
2657	5383
2658	4444
2659	4444
2660	1756
2661	5794
2662	2922
2663	6450
2664	3517
2665	9792
2666	9792
2667	5364
2668	9973
2669	2679
2670	1669
2671	7739
2672	3517
2673	2481
2674	4444
2675	5835
2676	7195
2677	2845
2678	9973
2679	6473
2680	8169
2681	1263
2682	4444
2683	1614
2684	8317
2685	7739
2686	3517
2687	4444
2688	4444
2689	7761
2690	9961
2691	9973
2692	8320
2693	9601
2694	3600
2695	9135
2696	899
2697	4444
2698	5231
2699	7887
2700	4444
2701	9973
2702	2845
2703	9973
2704	5387
2705	3517
2706	2845
2707	560
2708	7739
2709	4444
2710	6932
2711	4444
2712	7739
2713	8956
2714	9973
2715	4444
2716	9108
2717	4444
2718	3934
2719	4444
2720	7865
2721	6660
2722	9973
2723	6295
2724	9973
2725	4637
2726	9973
2727	4444
2728	4450
2729	4444
2730	6218
2731	4444
2732	4444
2733	4444
2734	48
2735	908
2736	3965
2737	1448
2738	4444
2739	5057
2740	1096
2741	732
2742	9973
2743	8580
2744	4444
2745	2342
2746	1032
2747	5412
2748	9126
2749	1628
2750	1428
2751	5469
2752	7105
2753	3016
2754	1885
2755	3715
2756	6246
2757	410
2758	4444
2759	8430
2760	9973
2761	4824
2762	4444
2763	2503
2764	7174
2765	4444
2766	6084
2767	5006
2768	4444
2769	4676
2770	5980
2771	5646
2772	5539
2773	3989
2774	9973
2775	7428
2776	8717
2777	7739
2778	71
2779	9973
2780	4005
2781	9307
2782	3517
2783	7274
2784	4444
2785	7861
2786	556
2787	9973
2788	4383
2789	6318
2790	7092
2791	9973
2792	9973
2793	1463
2794	1935
2795	7456
2796	4444
2797	6951
2798	3517
2799	9973
2800	4444
2801	4444
2802	9440
2803	4444
2804	9973
2805	8182
2806	9791
2807	6841
2808	9792
2809	536
2810	9973
2811	4421
2812	4444
2813	7807
2814	6221
2815	7885
2816	1410
2817	3517
2818	8497
2819	3517
2820	4159
2821	5015
2822	1747
2823	9377
2824	9823
2825	778
2826	9973
2827	2692
2828	8803
2829	9973
2830	4444
2831	4318
2832	8976
2833	9973
2834	9973
2835	4444
2836	8014
2837	3083
2838	2560
2839	9973
2840	51
2841	4380
2842	2607
2843	9973
2844	8529
2845	8838
2846	2368
2847	3987
2848	9973
2849	7732
2850	3517
2851	5822
2852	3936
2853	3411
2854	9973
2855	8624
2856	137
2857	9973
2858	9973
2859	6596
2860	4800
2861	9973
2862	2363
2863	7739
2864	7174
2865	9973
2866	2668
2867	5146
2868	8316
2869	4444
2870	7739
2871	3097
2872	9973
2873	4444
2874	7739
2875	940
2876	7737
2877	6981
2878	4444
2879	1748
2880	9973
2881	3745
2882	1770
2883	2596
2884	3574
2885	4444
2886	4169
2887	4444
2888	6849
2889	822
2890	144
2891	169
2892	1468
2893	4444
2894	9792
2895	9792
2896	3645
2897	96
2898	3987
2899	9973
2900	7739
2901	7174
2902	8107
2903	9166
2904	4828
2905	9803
2906	3411
2907	7739
2908	202
2909	3517
2910	9973
2911	4444
2912	5326
2913	266
2914	9973
2915	9518
2916	3517
2917	5904
2918	9973
2919	3517
2920	4980
2921	9111
2922	4444
2923	9973
2924	4444
2925	9973
2926	3881
2927	3640
2928	9973
2929	9973
2930	6036
2931	4444
2932	4444
2933	7739
2934	8025
2935	8624
2936	7739
2937	4405
2938	9973
2939	1425
2940	4444
2941	4444
2942	7407
2943	4444
2944	6457
2945	3517
2946	4444
2947	1591
2948	7739
2949	5086
2950	3683
2951	9973
2952	4444
2953	2845
2954	4444
2955	1368
2956	3517
2957	7048
2958	9973
2959	7240
2960	3517
2961	2845
2962	4371
2963	4811
2964	8072
2965	3413
2966	4444
2967	9544
2968	9973
2969	4444
2970	1628
2971	9973
2972	9935
2973	3729
2974	4444
2975	3517
2976	6541
2977	4444
2978	9973
2979	4444
2980	314
2981	6407
2982	2139
2983	9973
2984	9973
2985	7609
2986	172
2987	9973
2988	4444
2989	7770
2990	9373
2991	7007
2992	7067
2993	716
2994	9973
2995	5347
2996	7739
2997	9973
2998	9988
2999	9973
3000	7739
3001	2514
3002	7036
3003	7769
3004	5642
3005	9973
3006	3135
3007	3517
3008	9973
3009	5147
3010	4444
3011	9758
3012	1011
3013	4796
3014	4444
3015	9973
3016	4637
3017	4444
3018	4444
3019	4444
3020	9973
3021	4444
3022	4444
3023	2640
3024	8839
3025	3433
3026	843
3027	1510
3028	4444
3029	9973
3030	4444
3031	4895
3032	9973
3033	265
3034	7174
3035	4444
3036	7739
3037	8611
3038	5121
3039	9766
3040	8261
3041	9973
3042	4444
3043	7216
3044	9973
3045	5286
3046	7739
3047	3234
3048	4444
3049	4444
3050	9119
3051	4444
3052	4444
3053	3411
3054	1814
3055	7739
3056	8052
3057	9726
3058	8190
3059	9973
3060	9629
3061	5775
3062	3517
3063	7739
3064	2621
3065	8563
3066	2607
3067	3517
3068	4444
3069	3794
3070	368
3071	9973
3072	105
3073	1915
3074	9142
3075	7186
3076	2137
3077	5873
3078	6602
3079	4444
3080	5517
3081	2847
3082	4444
3083	3987
3084	7739
3085	4444
3086	6280
3087	9792
3088	7891
3089	5485
3090	7018
3091	9973
3092	7739
3093	4444
3094	4444
3095	4444
3096	4974
3097	4444
3098	82
3099	6502
3100	3987
3101	7739
3102	8783
3103	6565
3104	7291
3105	4444
3106	565
3107	9973
3108	4444
3109	2074
3110	3082
3111	4444
3112	4444
3113	3146
3114	4444
3115	9973
3116	8243
3117	4444
3118	1669
3119	9973
3120	4444
3121	4444
3122	4300
3123	4814
3124	4293
3125	4444
3126	2028
3127	7478
3128	2241
3129	2586
3130	9973
3131	9973
3132	4444
3133	3411
3134	9973
3135	9973
3136	3987
3137	8564
3138	4444
3139	7896
3140	4032
3141	1425
3142	3987
3143	4444
3144	9973
3145	7419
3146	4444
3147	4238
3148	4444
3149	1350
3150	1932
3151	3987
3152	9973
3153	9271
3154	4444
3155	8683
3156	2249
3157	7855
3158	9973
3159	2655
3160	9768
3161	2621
3162	5953
3163	4334
3164	4444
3165	4444
3166	439
3167	9973
3168	6215
3169	4444
3170	9260
3171	1402
3172	9973
3173	8161
3174	5386
3175	9407
3176	4444
3177	3235
3178	4978
3179	6943
3180	190
3181	9358
3182	7739
3183	4444
3184	2167
3185	836
3186	8069
3187	9509
3188	3870
3189	9973
3190	4444
3191	4339
3192	2491
3193	4154
3194	5485
3195	9973
3196	9973
3197	9973
3198	4174
3199	4785
3200	6541
3201	9532
3202	9973
3203	9973
3204	9973
3205	6637
3206	5583
3207	9973
3208	4444
3209	9973
3210	4444
3211	3517
3212	7259
3213	4615
3214	4444
3215	6632
3216	6647
3217	5227
3218	4578
3219	7739
3220	9973
3221	9527
3222	4444
3223	9280
3224	1100
3225	7003
3226	9973
3227	1872
3228	7642
3229	9973
3230	8405
3231	6841
3232	4444
3233	5286
3234	3033
3235	9312
3236	7583
3237	4444
3238	7814
3239	5982
3240	9973
3241	9973
3242	6990
3243	798
3244	5130
3245	9759
3246	3413
3247	4054
3248	4444
3249	2845
3250	5603
3251	1806
3252	1929
3253	7739
3254	9973
3255	9973
3256	3040
3257	9724
3258	2845
3259	5450
3260	9973
3261	771
3262	4253
3263	7410
3264	3007
3265	2136
3266	4444
3267	3517
3268	9973
3269	4444
3270	4444
3271	2621
3272	3517
3273	6932
3274	7739
3275	4444
3276	4444
3277	3828
3278	6285
3279	1382
3280	5328
3281	7670
3282	7739
3283	4444
3284	7732
3285	9289
3286	5502
3287	9422
3288	4444
3289	9973
3290	6024
3291	4444
3292	4631
3293	8872
3294	4480
3295	9973
3296	7739
3297	1350
3298	845
3299	4444
3300	1726
3301	519
3302	3232
3303	9973
3304	7882
3305	7966
3306	9973
3307	2056
3308	2351
3309	9973
3310	811
3311	8624
3312	9973
3313	5857
3314	9792
3315	9973
3316	3517
3317	3411
3318	4816
3319	9929
3320	3517
3321	7274
3322	3540
3323	1977
3324	8839
3325	4444
3326	4161
3327	7305
3328	215
3329	9973
3330	6026
3331	6221
3332	3411
3333	2661
3334	4444
3335	3517
3336	8624
3337	9973
3338	9973
3339	4444
3340	4444
3341	2845
3342	4817
3343	4444
3344	6068
3345	4444
3346	1001
3347	4444
3348	3234
3349	6073
3350	8508
3351	6541
3352	6026
3353	4323
3354	9973
3355	3128
3356	3517
3357	9973
3358	169
3359	2475
3360	8160
3361	9973
3362	4496
3363	6158
3364	9973
3365	7739
3366	1973
3367	3433
3368	3517
3369	7419
3370	4444
3371	1429
3372	9792
3373	160
3374	4775
3375	796
3376	9973
3377	1907
3378	1885
3379	4444
3380	4007
3381	4444
3382	2845
3383	6847
3384	7302
3385	354
3386	9973
3387	2000
3388	2577
3389	3472
3390	9973
3391	7739
3392	4444
3393	4267
3394	7739
3395	4444
3396	3936
3397	4444
3398	7739
3399	1907
3400	3749
3401	4149
3402	2135
3403	2397
3404	9973
3405	9184
3406	4444
3407	3987
3408	7736
3409	7516
3410	8576
3411	8144
3412	4863
3413	4444
3414	7116
3415	9973
3416	3517
3417	3517
3418	9973
3419	9801
3420	8993
3421	296
3422	4318
3423	7739
3424	6167
3425	9973
3426	7965
3427	3517
3428	1903
3429	4444
3430	4444
3431	6554
3432	7621
3433	933
3434	1742
3435	9973
3436	9973
3437	1057
3438	3411
3439	8230
3440	4444
3441	9973
3442	4444
3443	9976
3444	9973
3445	4444
3446	5086
3447	4062
3448	7739
3449	8839
3450	3411
3451	5450
3452	7305
3453	4444
3454	4354
3455	3517
3456	9973
3457	7739
3458	4444
3459	8827
3460	9687
3461	4444
3462	4525
3463	4578
3464	9138
3465	9973
3466	7419
3467	9384
3468	2126
3469	4444
3470	9792
3471	3779
3472	7739
3473	5136
3474	9743
3475	1628
3476	4355
3477	1169
3478	109
3479	9973
3480	2172
3481	8297
3482	9973
3483	3987
3484	7739
3485	5004
3486	8673
3487	4444
3488	4444
3489	8363
3490	4444
3491	4444
3492	4444
3493	4444
3494	2837
3495	9973
3496	3794
3497	8432
3498	4444
3499	3457
3500	4444
3501	2970
3502	3517
3503	1255
3504	9072
3505	9973
3506	910
3507	6162
3508	9973
3509	4444
3510	2415
3511	3083
3512	9726
3513	852
3514	1541
3515	7739
3516	4444
3517	9402
3518	1555
3519	4444
3520	3411
3521	8847
3522	9973
3523	9973
3524	7504
3525	9973
3526	4444
3527	3411
3528	5879
3529	4542
3530	9973
3531	9758
3532	9973
3533	4444
3534	2684
3535	9655
3536	3517
3537	2491
3538	5420
3539	8547
3540	1650
3541	9115
3542	4862
3543	3411
3544	3982
3545	7872
3546	8089
3547	9973
3548	9973
3549	7871
3550	9827
3551	9973
3552	5524
3553	6473
3554	7801
3555	7739
3556	4325
3557	6566
3558	4444
3559	9973
3560	3517
3561	7048
3562	6871
3563	7882
3564	129
3565	4267
3566	9973
3567	9437
3568	4185
3569	3987
3570	363
3571	2217
3572	3120
3573	1523
3574	7703
3575	9048
3576	4444
3577	4444
3578	4628
3579	4444
3580	9973
3581	7739
3582	4444
3583	9973
3584	3574
3585	9973
3586	5218
3587	9973
3588	7050
3589	7174
3590	4607
3591	9973
3592	7572
3593	3516
3594	6637
3595	3082
3596	3987
3597	1159
3598	4444
3599	1080
3600	4444
3601	4871
3602	7739
3603	9287
3604	9973
3605	3860
3606	934
3607	2393
3608	6128
3609	3987
3610	2029
3611	3411
3612	2203
3613	3517
3614	4444
3615	4444
3616	4864
3617	1814
3618	1172
3619	4769
3620	5381
3621	5695
3622	4444
3623	4444
3624	2372
3625	4444
3626	4444
3627	3517
3628	9973
3629	6236
3630	4444
3631	910
3632	9973
3633	8839
3634	9973
3635	5760
3636	6108
3637	7248
3638	6128
3639	9973
3640	3987
3641	2064
3642	5768
3643	4444
3644	9847
3645	9744
3646	9853
3647	4444
3648	4444
3649	9973
3650	4444
3651	4444
3652	3517
3653	484
3654	3601
3655	9973
3656	1150
3657	4444
3658	1448
3659	3655
3660	3517
3661	4444
3662	5187
3663	3392
3664	7076
3665	4444
3666	9381
3667	7739
3668	9973
3669	4444
3670	4444
3671	7739
3672	4969
3673	4444
3674	2686
3675	164
3676	6478
3677	9973
3678	9973
3679	6110
3680	4444
3681	3936
3682	4444
3683	4444
3684	7739
3685	7739
3686	3619
3687	7225
3688	8176
3689	9973
3690	9973
3691	7739
3692	4444
3693	348
3694	3117
3695	8516
3696	4444
3697	8667
3698	4502
3699	6526
3700	9973
3701	6541
3702	7291
3703	3517
3704	9973
3705	9878
3706	7739
3707	4444
3708	9763
3709	9973
3710	8160
3711	4444
3712	3957
3713	4161
3714	4444
3715	8803
3716	8176
3717	8569
3718	2357
3719	4444
3720	996
3721	4444
3722	4444
3723	4444
3724	4444
3725	9973
3726	7487
3727	3517
3728	7739
3729	2465
3730	3517
3731	9792
3732	3517
3733	6541
3734	9973
3735	3517
3736	7739
3737	7599
3738	4444
3739	319
3740	5827
3741	4642
3742	7739
3743	1200
3744	3968
3745	4444
3746	9973
3747	9973
3748	4444
3749	4444
3750	9973
3751	73
3752	3411
3753	9691
3754	9719
3755	7739
3756	6910
3757	1523
3758	8363
3759	4925
3760	4435
3761	2845
3762	4444
3763	8006
3764	6705
3765	7732
3766	9973
3767	4444
3768	4444
3769	3380
3770	9973
3771	4886
3772	4444
3773	640
3774	9973
3775	9792
3776	2491
3777	4444
3778	2845
3779	8624
3780	6156
3781	6286
3782	2021
3783	4444
3784	4444
3785	811
3786	9973
3787	5523
3788	4734
3789	1763
3790	9193
3791	9792
3792	9973
3793	1255
3794	7739
3795	8983
3796	6096
3797	4444
3798	9973
3799	9973
3800	8878
3801	6758
3802	3411
3803	854
3804	9973
3805	7739
3806	7732
3807	7490
3808	1110
3809	4444
3810	3411
3811	391
3812	6272
3813	5087
3814	8624
3815	4444
3816	6573
3817	4444
3818	3517
3819	469
3820	778
3821	7017
3822	3893
3823	4185
3824	8624
3825	5296
3826	9813
3827	4444
3828	9973
3829	9973
3830	4444
3831	2133
3832	9543
3833	7171
3834	3517
3835	9792
3836	8144
3837	8439
3838	6221
3839	6541
3840	514
3841	4770
3842	325
3843	3156
3844	4444
3845	6709
3846	4444
3847	9778
3848	6709
3849	9973
3850	3734
3851	8503
3852	9973
3853	9973
3854	4444
3855	9973
3856	4814
3857	9256
3858	9973
3859	9973
3860	2668
3861	4224
3862	4444
3863	7174
3864	4444
3865	2190
3866	8224
3867	3517
3868	6674
3869	8143
3870	1553
3871	8101
3872	6553
3873	2104
3874	4062
3875	4974
3876	7174
3877	9973
3878	3517
3879	7739
3880	4444
3881	4342
3882	3815
3883	9862
3884	9973
3885	6657
3886	7594
3887	5085
3888	4444
3889	9973
3890	9973
3891	139
3892	6547
3893	895
3894	9973
3895	4444
3896	1159
3897	6081
3898	9973
3899	6986
3900	4238
3901	3987
3902	9792
3903	2845
3904	9973
3905	9973
3906	9195
3907	7739
3908	4185
3909	8064
3910	4866
3911	1436
3912	9973
3913	9973
3914	4444
3915	9973
3916	9973
3917	9369
3918	3517
3919	5180
3920	5289
3921	8092
3922	4040
3923	9973
3924	9072
3925	4444
3926	7739
3927	3411
3928	5907
3929	4678
3930	4444
3931	3794
3932	8542
3933	4444
3934	4022
3935	9973
3936	1230
3937	8192
3938	3987
3939	3987
3940	7174
3941	4444
3942	4444
3943	2822
3944	3517
3945	2371
3946	5523
3947	5865
3948	8340
3949	4332
3950	9973
3951	9973
3952	7887
3953	2481
3954	4332
3955	9973
3956	8235
3957	4444
3958	7739
3959	9312
3960	4444
3961	669
3962	8963
3963	4444
3964	4444
3965	7174
3966	5180
3967	7739
3968	339
3969	4140
3970	9973
3971	9973
3972	4444
3973	4444
3974	3780
3975	4480
3976	7703
3977	3759
3978	3411
3979	3411
3980	72
3981	9973
3982	4444
3983	2845
3984	328
3985	2241
3986	792
3987	9973
3988	7174
3989	3411
3990	8363
3991	5721
3992	2205
3993	4444
3994	4444
3995	4858
3996	5439
3997	4444
3998	9009
3999	8683
4000	4444
4001	9973
4002	855
4003	4444
4004	3433
4005	2029
4006	1927
4007	9973
4008	2021
4009	5138
4010	4444
4011	8624
4012	8516
4013	886
4014	6024
4015	2845
4016	4444
4017	4444
4018	9973
4019	3517
4020	3411
4021	4444
4022	1468
4023	9973
4024	4444
4025	2575
4026	9710
4027	9973
4028	4444
4029	2607
4030	3517
4031	9973
4032	5436
4033	9973
4034	7739
4035	3517
4036	9362
4037	2845
4038	3722
4039	8931
4040	3411
4041	6354
4042	9771
4043	67
4044	8019
4045	3517
4046	3437
4047	2845
4048	4444
4049	2243
4050	3517
4051	5744
4052	1698
4053	3517
4054	6048
4055	8743
4056	3881
4057	2543
4058	4444
4059	9973
4060	3930
4061	3521
4062	9973
4063	7324
4064	9353
4065	9024
4066	4444
4067	5200
4068	8483
4069	9472
4070	7739
4071	8905
4072	7977
4073	7697
4074	4444
4075	5721
4076	9973
4077	7596
4078	9342
4079	9973
4080	8624
4081	7174
4082	4444
4083	9973
4084	3517
4085	7739
4086	9759
4087	9973
4088	9909
4089	8975
4090	9973
4091	8576
4092	9973
4093	9402
4094	9792
4095	206
4096	503
4097	7017
4098	6183
4099	7739
4100	4203
4101	3351
4102	932
4103	4444
4104	1571
4105	9973
4106	2135
4107	4922
4108	2636
4109	6579
4110	2203
4111	1167
4112	87
4113	982
4114	1549
4115	7388
4116	9987
4117	4444
4118	7397
4119	6583
4120	6073
4121	9973
4122	8624
4123	7739
4124	9973
4125	8595
4126	7739
4127	7739
4128	4444
4129	4770
4130	4444
4131	7739
4132	3411
4133	9973
4134	9108
4135	8414
4136	7174
4137	4444
4138	3987
4139	3729
4140	5898
4141	5785
4142	4444
4143	4444
4144	7334
4145	9973
4146	9973
4147	9973
4148	4444
4149	6261
4150	9973
4151	3517
4152	4444
4153	5065
4154	7428
4155	4444
4156	3517
4157	3517
4158	4444
4159	4444
4160	3411
4161	4444
4162	9496
4163	4106
4164	9792
4165	7514
4166	4444
4167	5215
4168	2110
4169	5580
4170	3987
4171	39
4172	3569
4173	4273
4174	9973
4175	5393
4176	9973
4177	1382
4178	4444
4179	4444
4180	9973
4181	6566
4182	6834
4183	4444
4184	4444
4185	3517
4186	5304
4187	7663
4188	9973
4189	4444
4190	4444
4191	3980
4192	9100
4193	6281
4194	6107
4195	2674
4196	4480
4197	1978
4198	4444
4199	2630
4200	4444
4201	9792
4202	1661
4203	9973
4204	9973
4205	7739
4206	495
4207	4444
4208	3517
4209	4444
4210	4444
4211	2607
4212	9973
4213	4444
4214	3220
4215	6625
4216	9639
4217	811
4218	7739
4219	3180
4220	9973
4221	4444
4222	499
4223	2753
4224	1883
4225	4444
4226	2595
4227	4444
4228	8435
4229	5020
4230	9973
4231	1231
4232	7378
4233	2686
4234	3433
4235	9973
4236	3787
4237	6943
4238	9606
4239	6637
4240	4444
4241	4444
4242	4444
4243	9973
4244	3411
4245	6541
4246	4444
4247	7634
4248	2459
4249	4444
4250	7739
4251	9055
4252	5185
4253	5920
4254	7739
4255	2845
4256	4444
4257	984
4258	1529
4259	1590
4260	2248
4261	2136
4262	4444
4263	4444
4264	4444
4265	3517
4266	5646
4267	679
4268	4444
4269	6272
4270	1698
4271	9008
4272	9973
4273	9973
4274	4444
4275	7739
4276	5096
4277	4444
4278	7769
4279	4444
4280	9473
4281	1343
4282	628
4283	2785
4284	9973
4285	6354
4286	7833
4287	9973
4288	9973
4289	4444
4290	9973
4291	4920
4292	9527
4293	8119
4294	8975
4295	9973
4296	1176
4297	5086
4298	4444
4299	9792
4300	4444
4301	4444
4302	7866
4303	4444
4304	3411
4305	9973
4306	7739
4307	1255
4308	4444
4309	4444
4310	7732
4311	9973
4312	1189
4313	4444
4314	3416
4315	4601
4316	9507
4317	4444
4318	4444
4319	9375
4320	5887
4321	4444
4322	1179
4323	9732
4324	2661
4325	9973
4326	4444
4327	8571
4328	1343
4329	4444
4330	9973
4331	3517
4332	9973
4333	9973
4334	746
4335	6196
4336	9973
4337	6622
4338	3411
4339	4539
4340	3517
4341	7739
4342	7315
4343	4444
4344	9973
4345	3411
4346	9973
4347	9377
4348	2780
4349	9973
4350	4444
4351	4444
4352	7174
4353	7739
4354	9473
4355	9973
4356	4444
4357	4444
4358	4444
4359	3411
4360	4444
4361	4444
4362	9973
4363	3517
4364	9055
4365	4999
4366	4444
4367	2831
4368	7803
4369	7739
4370	2564
4371	7739
4372	4444
4373	9973
4374	3517
4375	4444
4376	2845
4377	6596
4378	9973
4379	5259
4380	3433
4381	9973
4382	1505
4383	1962
4384	3252
4385	2138
4386	9973
4387	9973
4388	7174
4389	9792
4390	9973
4391	3517
4392	384
4393	4645
4394	9973
4395	3517
4396	9973
4397	4444
4398	6683
4399	9354
4400	9973
4401	9331
4402	3303
4403	6024
4404	2988
4405	9973
4406	4444
4407	9973
4408	7276
4409	3517
4410	9437
4411	4252
4412	9973
4413	3517
4414	4444
4415	8363
4416	7739
4417	4444
4418	9973
4419	3411
4420	2566
4421	8785
4422	3411
4423	8813
4424	2609
4425	1460
4426	4444
4427	2577
4428	3729
4429	4444
4430	9499
4431	4188
4432	4444
4433	9973
4434	7739
4435	7703
4436	7859
4437	6684
4438	2081
4439	6160
4440	9973
4441	3688
4442	3517
4443	9973
4444	9878
4445	3517
4446	3987
4447	4444
4448	3950
4449	4516
4450	7891
4451	9973
4452	4444
4453	419
4454	2635
4455	9605
4456	7479
4457	9398
4458	9973
4459	3517
4460	8045
4461	9973
4462	9973
4463	4444
4464	5341
4465	3987
4466	9973
4467	7739
4468	7174
4469	9758
4470	3829
4471	3517
4472	3413
4473	4444
4474	9685
4475	3517
4476	647
4477	5209
4478	3486
4479	4444
4480	9973
4481	2471
4482	4444
4483	4444
4484	4444
4485	1591
4486	1898
4487	4444
4488	4811
4489	4444
4490	4444
4491	4444
4492	368
4493	4444
4494	6180
4495	1614
4496	4444
4497	643
4498	4444
4499	4444
4500	5287
4501	6776
4502	8931
4503	4726
4504	8366
4505	4502
4506	3644
4507	3117
4508	7739
4509	8707
4510	7177
4511	4444
4512	435
4513	59
4514	3517
4515	4444
4516	9973
4517	3517
4518	4444
4519	5947
4520	9973
4521	4560
4522	6024
4523	1883
4524	4444
4525	5882
4526	3087
4527	9973
4528	9792
4529	3414
4530	9561
4531	9973
4532	9645
4533	1241
4534	496
4535	3517
4536	9973
4537	4090
4538	8739
4539	1350
4540	4444
4541	9973
4542	7174
4543	9963
4544	9973
4545	4166
4546	3087
4547	7739
4548	9973
4549	3517
4550	9973
4551	6210
4552	7739
4553	4444
4554	9973
4555	4444
4556	1133
4557	2662
4558	4769
4559	9792
4560	9973
4561	4444
4562	3987
4563	4444
4564	2172
4565	9973
4566	7739
4567	4444
4568	6607
4569	7746
4570	4579
4571	2668
4572	4444
4573	2661
4574	7280
4575	4444
4576	1964
4577	4444
4578	4444
4579	438
4580	4633
4581	4444
4582	6911
4583	9973
4584	7044
4585	7739
4586	4593
4587	7739
4588	6247
4589	4444
4590	4444
4591	9694
4592	9973
4593	9792
4594	7739
4595	9973
4596	9973
4597	4444
4598	9792
4599	9930
4600	7739
4601	7076
4602	5239
4603	9193
4604	9073
4605	7732
4606	4444
4607	3082
4608	4444
4609	2855
4610	9792
4611	465
4612	581
4613	6291
4614	9973
4615	4444
4616	3957
4617	8599
4618	7739
4619	4444
4620	9260
4621	4444
4622	4444
4623	8039
4624	9973
4625	4444
4626	4444
4627	7754
4628	3411
4629	4444
4630	9973
4631	3989
4632	4444
4633	4444
4634	9973
4635	933
4636	9973
4637	7739
4638	3837
4639	4444
4640	9747
4641	7174
4642	9973
4643	9973
4644	4444
4645	9973
4646	5168
4647	7739
4648	9915
4649	1962
4650	3411
4651	771
4652	4330
4653	7174
4654	669
4655	7036
4656	4955
4657	1269
4658	4444
4659	1916
4660	4149
4661	3517
4662	7174
4663	969
4664	6268
4665	3047
4666	9127
4667	4444
4668	2668
4669	6534
4670	2401
4671	6513
4672	9973
4673	8235
4674	7739
4675	9973
4676	4444
4677	3987
4678	3987
4679	5395
4680	6291
4681	4444
4682	4444
4683	1476
4684	2845
4685	5060
4686	8024
4687	9792
4688	9374
4689	8624
4690	7739
4691	9973
4692	5837
4693	8297
4694	3517
4695	5220
4696	1962
4697	3052
4698	4444
4699	8100
4700	9973
4701	8228
4702	9030
4703	5904
4704	3517
4705	8683
4706	8547
4707	4140
4708	1498
4709	9614
4710	3989
4711	4359
4712	6163
4713	4210
4714	9289
4715	6428
4716	2862
4717	9973
4718	6024
4719	4444
4720	3082
4721	6073
4722	4273
4723	9973
4724	6607
4725	1669
4726	8193
4727	4444
4728	4149
4729	9973
4730	2028
4731	9955
4732	1783
4733	7174
4734	9973
4735	7234
4736	8233
4737	9973
4738	6891
4739	7739
4740	6898
4741	9742
4742	9973
4743	9243
4744	9973
4745	9792
4746	4444
4747	8895
4748	9418
4749	9973
4750	7245
4751	3751
4752	4827
4753	3517
4754	4444
4755	4444
4756	3517
4757	4444
4758	3517
4759	4444
4760	9418
4761	4444
4762	4444
4763	9236
4764	3025
4765	9973
4766	8027
4767	9973
4768	7739
4769	4444
4770	1711
4771	7068
4772	9973
4773	7739
4774	4444
4775	7985
4776	8624
4777	5149
4778	2686
4779	9973
4780	2491
4781	3517
4782	3155
4783	7739
4784	8739
4785	8717
4786	9973
4787	9262
4788	6841
4789	9973
4790	6024
4791	162
4792	1317
4793	2809
4794	3980
4795	325
4796	7739
4797	9222
4798	6986
4799	4958
4800	5305
4801	4444
4802	4282
4803	9973
4804	9973
4805	8064
4806	7269
4807	4265
4808	4161
4809	1420
4810	4444
4811	6677
4812	5898
4813	3411
4814	4444
4815	1896
4816	3517
4817	4444
4818	4444
4819	8928
4820	7739
4821	8725
4822	2509
4823	3517
4824	5577
4825	14
4826	9973
4827	7409
4828	3389
4829	4444
4830	9973
4831	7739
4832	4444
4833	9973
4834	2845
4835	1176
4836	4444
4837	4444
4838	8839
4839	879
4840	7739
4841	7044
4842	4444
4843	9973
4844	7739
4845	7896
4846	9973
4847	2477
4848	8083
4849	9973
4850	5542
4851	4444
4852	4444
4853	7739
4854	370
4855	4444
4856	1669
4857	7342
4858	4444
4859	7739
4860	6841
4861	9973
4862	6537
4863	1291
4864	3433
4865	4444
4866	679
4867	4444
4868	9973
4869	771
4870	3411
4871	7739
4872	7739
4873	4444
4874	4455
4875	5393
4876	3517
4877	4444
4878	8479
4879	2445
4880	1644
4881	7622
4882	6605
4883	8073
4884	6605
4885	3411
4886	7673
4887	2129
4888	924
4889	6085
4890	6128
4891	2123
4892	9973
4893	9973
4894	103
4895	3987
4896	9973
4897	4444
4898	384
4899	9973
4900	269
4901	8445
4902	4444
4903	4444
4904	7739
4905	7739
4906	9792
4907	4444
4908	4762
4909	4444
4910	4444
4911	6056
4912	7739
4913	9973
4914	9973
4915	6523
4916	2329
4917	4444
4918	7739
4919	4444
4920	7732
4921	6265
4922	8531
4923	2481
4924	250
4925	9973
4926	9973
4927	1350
4928	9973
4929	600
4930	3087
4931	9973
4932	9973
4933	6924
4934	4444
4935	3517
4936	4444
4937	8089
4938	4444
4939	5676
4940	4444
4941	7442
4942	9759
4943	4444
4944	3517
4945	2110
4946	7729
4947	4444
4948	7470
4949	9973
4950	9282
4951	8076
4952	7739
4953	4444
4954	3689
4955	9792
4956	9973
4957	5681
4958	929
4959	1930
4960	614
4961	4398
4962	7174
4963	9973
4964	7336
4965	7048
4966	9973
4967	3517
4968	4394
4969	2129
4970	9973
4971	1478
4972	9973
4973	4359
4974	4444
4975	8284
4976	4444
4977	7174
4978	1935
4979	9973
4980	3517
4981	4993
4982	2320
4983	4649
4984	4709
4985	5192
4986	1781
4987	4769
4988	3987
4989	9973
4990	2845
4991	8329
4992	1319
4993	5387
4994	6745
4995	3411
4996	5802
4997	9973
4998	1783
4999	4444
5000	8665
5001	4444
5002	4469
5003	9973
5004	5427
5005	3098
5006	7100
5007	5654
5008	3562
5009	4444
5010	3411
5011	7327
5012	6031
5013	9973
5014	4444
5015	7609
5016	8485
5017	9973
5018	3517
5019	2196
5020	4444
5021	4444
5022	4054
5023	9973
5024	4444
5025	7739
5026	6766
5027	4444
5028	9792
5029	3987
5030	8624
5031	5668
5032	9136
5033	3987
5034	7732
5035	7739
5036	4444
5037	3517
5038	7803
5039	3097
5040	5040
5041	2733
5042	4952
5043	7739
5044	9973
5045	354
5046	3378
5047	7174
5048	7691
5049	2809
5050	4444
5051	4444
5052	4444
5053	5420
5054	7739
5055	5543
5056	9973
5057	1024
5058	5877
5059	8296
5060	2113
5061	2862
5062	933
5063	9973
5064	2327
5065	8233
5066	7739
5067	5727
5068	9048
5069	3517
5070	8005
5071	9100
5072	1876
5073	7739
5074	4444
5075	8488
5076	8576
5077	7131
5078	5219
5079	4444
5080	4359
5081	4444
5082	7007
5083	7007
5084	8712
5085	4444
5086	4444
5087	3411
5088	7739
5089	8904
5090	9973
5091	4444
5092	9792
5093	5752
5094	537
5095	6177
5096	8584
5097	4444
5098	4444
5099	5202
5100	7076
5101	4444
5102	7568
5103	7739
5104	4444
5105	5156
5106	3987
5107	4444
5108	8385
5109	4444
5110	4299
5111	9973
5112	1986
5113	1920
5114	4444
5115	4444
5116	3411
5117	6541
5118	3517
5119	8839
5120	4444
5121	4444
5122	4444
5123	4444
5124	5086
5125	4444
5126	3517
5127	7305
5128	7690
5129	7739
5130	4444
5131	9973
5132	7213
5133	4444
5134	9878
5135	9973
5136	4444
5137	7739
5138	4444
5139	4444
5140	9948
5141	6613
5142	8477
5143	7739
5144	9973
5145	4444
5146	9878
5147	7739
5148	4444
5149	4444
5150	6644
5151	2607
5152	5980
5153	4444
5154	4444
5155	325
5156	9973
5157	1350
5158	1669
5159	9297
5160	7739
5161	7181
5162	2845
5163	4444
5164	4444
5165	8729
5166	4444
5167	3517
5168	3517
5169	9973
5170	8100
5171	4363
5172	3517
5173	2862
5174	1895
5175	7796
5176	6986
5177	2845
5178	9973
5179	4444
5180	6428
5181	7739
5182	9048
5183	1814
5184	4444
5185	3605
5186	7644
5187	346
5188	1215
5189	9691
5190	4444
5191	4444
5192	3517
5193	9973
5194	9094
5195	1742
5196	1978
5197	9052
5198	9973
5199	2873
5200	1353
5201	9973
5202	2223
5203	771
5204	8624
5205	9369
5206	2196
5207	2303
5208	7732
5209	4262
5210	7739
5211	4444
5212	9973
5213	7739
5214	6498
5215	8144
5216	6062
5217	7076
5218	4129
5219	2686
5220	4444
5221	3517
5222	1669
5223	7739
5224	3987
5225	4444
5226	1455
5227	4444
5228	5387
5229	7174
5230	7739
5231	4749
5232	6514
5233	8624
5234	7739
5235	3757
5236	9973
5237	9973
5238	7739
5239	9973
5240	1915
5241	9792
5242	9778
5243	7174
5244	3815
5245	2136
5246	3517
5247	7739
5248	6954
5249	9973
5250	2141
5251	9973
5252	8497
5253	9973
5254	7544
5255	760
5256	243
5257	7739
5258	4444
5259	5233
5260	4444
5261	7739
5262	4657
5263	7739
5264	1758
5265	169
5266	5360
5267	9973
5268	9973
5269	8624
5270	5966
5271	9973
5272	4444
5273	3517
5274	4444
5275	4444
5276	7739
5277	6993
5278	7482
5279	7739
5280	2100
5281	4444
5282	3912
5283	4444
5284	9973
5285	4444
5286	9973
5287	4444
5288	4444
5289	871
5290	9973
5291	9973
5292	6964
5293	9973
5294	5968
5295	9973
5296	7809
5297	3517
5298	9973
5299	3533
5300	9973
5301	8688
5302	8624
5303	9973
5304	6500
5305	8781
5306	7118
5307	9973
5308	4599
5309	4444
5310	4444
5311	4444
5312	5485
5313	9973
5314	7516
5315	2845
5316	3138
5317	3176
5318	4444
5319	1618
5320	6158
5321	4444
5322	5775
5323	5233
5324	101
5325	7732
5326	3450
5327	4657
5328	7174
5329	4452
5330	4444
5331	2810
5332	566
5333	9973
5334	3419
5335	8931
5336	9973
5337	3433
5338	6268
5339	7174
5340	9126
5341	5355
5342	4444
5343	7739
5344	6632
5345	7688
5346	4444
5347	9745
5348	1628
5349	4993
5350	9123
5351	4769
5352	4444
5353	9973
5354	1030
5355	7732
5356	9973
5357	7174
5358	7739
5359	1590
5360	4444
5361	4901
5362	899
5363	9973
5364	9973
5365	7396
5366	7739
5367	4444
5368	4267
5369	9989
5370	5017
5371	7739
5372	9792
5373	9973
5374	7174
5375	2029
5376	6740
5377	4444
5378	9973
5379	6865
5380	3517
5381	9859
5382	8094
5383	6411
5384	4613
5385	3517
5386	4444
5387	4444
5388	2760
5389	7376
5390	6862
5391	7076
5392	3517
5393	3517
5394	319
5395	273
5396	7305
5397	4444
5398	4444
5399	9973
5400	5927
5401	440
5402	2845
5403	4444
5404	8624
5405	7739
5406	9973
5407	8964
5408	2845
5409	9135
5410	8005
5411	9211
5412	9184
5413	4877
5414	2529
5415	9973
5416	1766
5417	4444
5418	9973
5419	4444
5420	8625
5421	9882
5422	4444
5423	4444
5424	4444
5425	9973
5426	9891
5427	4444
5428	4872
5429	9260
5430	6700
5431	5273
5432	9973
5433	9973
5434	6051
5435	9260
5436	4961
5437	9973
5438	3517
5439	2845
5440	9973
5441	9973
5442	6105
5443	3993
5444	9792
5445	3484
5446	3517
5447	9973
5448	2661
5449	3517
5450	9973
5451	9973
5452	7056
5453	5485
5454	8905
5455	7776
5456	9135
5457	3378
5458	6821
5459	6459
5460	2207
5461	8336
5462	6841
5463	1324
5464	4023
5465	2541
5466	7487
5467	9790
5468	7076
5469	6073
5470	3517
5471	6637
5472	7174
5473	5208
5474	4444
5475	3220
5476	8612
5477	7739
5478	4858
5479	4974
5480	6817
5481	4995
5482	6443
5483	9973
5484	2856
5485	4444
5486	4444
5487	4444
5488	4444
5489	9973
5490	4444
5491	3517
5492	4703
5493	9792
5494	7321
5495	3987
5496	5235
5497	4901
5498	9845
5499	7739
5500	6596
5501	5403
5502	9973
5503	9973
5504	4074
5505	6411
5506	5642
5507	7865
5508	3244
5509	3611
5510	7697
5511	3517
5512	3320
5513	4444
5514	1602
5515	4444
5516	4444
5517	4444
5518	4444
5519	9973
5520	3987
5521	4444
5522	2771
5523	4444
5524	3987
5525	7049
5526	3517
5527	9973
5528	5762
5529	3517
5530	9973
5531	7739
5532	5156
5533	411
5534	9043
5535	4055
5536	4444
5537	9973
5538	2845
5539	9792
5540	4444
5541	4444
5542	9973
5543	9101
5544	9973
5545	4444
5546	2021
5547	4444
5548	6411
5549	4444
5550	3517
5551	3836
5552	4444
5553	3605
5554	3517
5555	3836
5556	8803
5557	3049
5558	4334
5559	9973
5560	4444
5561	4444
5562	861
5563	4444
5564	3360
5565	4485
5566	4444
5567	4444
5568	9973
5569	9973
5570	5168
5571	7559
5572	7802
5573	9973
5574	9973
5575	6254
5576	4814
5577	9973
5578	3517
5579	1669
5580	1665
5581	9973
5582	7739
5583	8683
5584	3220
5585	1071
5586	4444
5587	5328
5588	9973
5589	145
5590	9973
5591	3989
5592	5591
5593	1001
5594	2129
5595	2172
5596	4444
5597	9973
5598	7739
5599	7620
5600	9973
5601	8432
5602	4444
5603	8083
5604	6588
5605	3517
5606	5004
5607	9833
5608	9792
5609	9973
5610	4444
5611	4444
5612	1628
5613	2356
5614	3131
5615	5848
5616	9973
5617	3517
5618	910
5619	8704
5620	8529
5621	5556
5622	2605
5623	1343
5624	4444
5625	4896
5626	626
5627	7739
5628	771
5629	3987
5630	2343
5631	3440
5632	560
5633	4444
5634	8612
5635	4444
5636	9900
5637	3408
5638	4444
5639	4444
5640	9654
5641	9422
5642	9973
5643	9973
5644	4870
5645	2471
5646	8032
5647	4444
5648	6321
5649	9973
5650	4444
5651	4444
5652	3987
5653	9973
5654	9973
5655	299
5656	9193
5657	9973
5658	4240
5659	7163
5660	7742
5661	1973
5662	503
5663	4444
5664	9973
5665	3987
5666	9973
5667	3943
5668	6841
5669	9973
5670	4444
5671	9792
5672	610
5673	9973
5674	7906
5675	9792
5676	1853
5677	4444
5678	9766
5679	7465
5680	319
5681	4444
5682	4444
5683	9973
5684	8244
5685	9973
5686	9973
5687	7371
5688	3787
5689	1579
5690	4444
5691	4444
5692	6745
5693	7739
5694	7739
5695	5803
5696	7739
5697	9973
5698	7739
5699	2845
5700	4444
5701	7977
5702	9973
5703	1108
5704	9973
5705	3220
5706	7739
5707	4621
5708	9973
5709	9973
5710	6428
5711	9973
5712	4444
5713	4901
5714	7398
5715	4444
5716	3869
5717	5919
5718	9973
5719	4460
5720	7174
5721	625
5722	4444
5723	4444
5724	7739
5725	7301
5726	9153
5727	4031
5728	4106
5729	4444
5730	2845
5731	5149
5732	6523
5733	1569
5734	9051
5735	7174
5736	4444
5737	9792
5738	3411
5739	9973
5740	9973
5741	1166
5742	9973
5743	1785
5744	3757
5745	9973
5746	3411
5747	7930
5748	2101
5749	250
5750	4444
5751	8931
5752	7111
5753	4444
5754	9973
5755	5513
5756	9973
5757	3007
5758	9973
5759	4185
5760	2638
5761	1643
5762	1460
5763	4948
5764	3595
5765	6677
5766	7739
5767	6670
5768	7739
5769	9973
5770	3013
5771	7310
5772	6180
5773	4238
5774	3411
5775	4444
5776	4444
5777	3517
5778	5966
5779	4444
5780	773
5781	2302
5782	4444
5783	4995
5784	4282
5785	290
5786	4444
5787	9973
5788	6411
5789	4939
5790	4444
5791	6321
5792	771
5793	2854
5794	4444
5795	7739
5796	4106
5797	8938
5798	4444
5799	4444
5800	5837
5801	440
5802	9973
5803	9973
5804	9973
5805	4444
5806	3368
5807	9973
5808	8624
5809	9973
5810	9973
5811	2032
5812	7436
5813	4444
5814	4444
5815	8599
5816	5217
5817	4444
5818	4444
5819	1323
5820	349
5821	4444
5822	1307
5823	4444
5824	4444
5825	9973
5826	9973
5827	9956
5828	9973
5829	5798
5830	9973
5831	1754
5832	2196
5833	7739
5834	2028
5835	9462
5836	267
5837	4444
5838	8834
5839	3517
5840	4444
5841	1255
5842	2181
5843	4444
5844	7739
5845	4444
5846	3517
5847	4444
5848	6428
5849	4444
5850	3517
5851	9973
5852	4444
5853	1046
5854	4712
5855	4444
5856	9973
5857	5305
5858	1925
5859	7739
5860	3945
5861	3411
5862	9635
5863	8528
5864	9198
5865	2136
5866	7174
5867	4444
5868	984
5869	7048
5870	7174
5871	3517
5872	2845
5873	4444
5874	9973
5875	7739
5876	4062
5877	4444
5878	4444
5879	4742
5880	4444
5881	6648
5882	7739
5883	6088
5884	6052
5885	3043
5886	3517
5887	7739
5888	3414
5889	3087
5890	3517
5891	7973
5892	4444
5893	3592
5894	4444
5895	391
5896	4444
5897	5566
5898	7946
5899	8839
5900	9973
5901	4124
5902	2966
5903	2202
5904	3035
5905	9973
5906	7378
5907	4649
5908	6371
5909	2547
5910	3987
5911	7739
5912	4026
5913	3636
5914	9920
5915	9973
5916	9987
5917	4444
5918	4444
5919	4444
5920	389
5921	9973
5922	4444
5923	8280
5924	8875
5925	9091
5926	4444
5927	9973
5928	8574
5929	4979
5930	4444
5931	4444
5932	9145
5933	6221
5934	9973
5935	4444
5936	9973
5937	4444
5938	6934
5939	6428
5940	3433
5941	982
5942	9973
5943	4444
5944	7067
5945	9973
5946	7739
5947	4444
5948	9973
5949	9973
5950	9516
5951	8337
5952	1402
5953	9973
5954	4106
5955	9973
5956	4444
5957	4444
5958	5565
5959	130
5960	5353
5961	2621
5962	9973
5963	6544
5964	6428
5965	7989
5966	4702
5967	4444
5968	9973
5969	4444
5970	4444
5971	1169
5972	2897
5973	1350
5974	5677
5975	6245
5976	3408
5977	4444
5978	9369
5979	6428
5980	9973
5981	4444
5982	4717
5983	4444
5984	4444
5985	1782
5986	4017
5987	4717
5988	9973
5989	8015
5990	6711
5991	9973
5992	7635
5993	9973
5994	8377
5995	9973
5996	4318
5997	1220
5998	6751
5999	9973
6000	9792
6001	354
6002	1418
6003	3517
6004	9973
6005	9973
6006	3517
6007	9973
6008	9973
6009	4444
6010	7017
6011	4444
6012	2885
6013	9402
6014	4238
6015	4444
6016	5859
6017	1961
6018	8624
6019	4914
6020	9381
6021	3755
6022	4444
6023	4444
6024	7700
6025	7739
6026	4208
6027	4444
6028	6062
6029	6566
6030	1394
6031	4444
6032	9973
6033	4064
6034	2638
6035	3484
6036	8873
6037	7739
6038	7732
6039	2129
6040	8326
6041	8412
6042	4444
6043	3987
6044	9973
6045	4444
6046	4140
6047	8828
6048	6779
6049	771
6050	4302
6051	9973
6052	2261
6053	5801
6054	4444
6055	9973
6056	661
6057	9574
6058	7847
6059	7739
6060	6520
6061	4444
6062	2139
6063	3082
6064	9973
6065	6163
6066	4444
6067	4444
6068	4444
6069	5506
6070	6436
6071	9973
6072	7136
6073	289
6074	9973
6075	7739
6076	7367
6077	811
6078	4444
6079	5461
6080	9973
6081	7629
6082	4444
6083	7739
6084	9973
6085	4444
6086	9973
6087	3439
6088	9973
6089	9377
6090	8964
6091	3732
6092	6841
6093	3794
6094	8250
6095	4444
6096	1935
6097	4693
6098	9973
6099	3828
6100	3433
6101	7739
6102	2845
6103	7739
6104	6700
6105	4444
6106	3517
6107	5051
6108	4444
6109	3080
6110	3517
6111	6965
6112	6389
6113	7739
6114	9482
6115	7739
6116	4444
6117	3517
6118	7739
6119	7807
6120	4444
6121	7174
6122	9973
6123	7732
6124	4444
6125	2705
6126	7090
6127	9973
6128	9792
6129	9769
6130	9567
6131	9973
6132	7739
6133	5060
6134	9270
6135	3517
6136	3605
6137	9973
6138	9581
6139	3411
6140	9251
6141	5387
6142	8731
6143	9973
6144	9973
6145	5624
6146	4444
6147	4444
6148	4444
6149	5017
6150	4444
6151	1591
6152	9973
6153	4444
6154	4940
6155	9462
6156	9973
6157	3794
6158	7841
6159	901
6160	3507
6161	7248
6162	4444
6163	9973
6164	8976
6165	6073
6166	2577
6167	2845
6168	1402
6169	3517
6170	4444
6171	4444
6172	9973
6173	9973
6174	1143
6175	403
6176	8379
6177	2130
6178	9973
6179	7739
6180	4444
6181	2125
6182	4348
6183	8276
6184	3411
6185	9973
6186	6677
6187	7769
6188	6760
6189	7679
6190	3987
6191	5791
6192	9973
6193	9973
6194	4444
6195	3517
6196	686
6197	9973
6198	3517
6199	3048
6200	9973
6201	4444
6202	2226
6203	6052
6204	1516
6205	6841
6206	1310
6207	2868
6208	9973
6209	8230
6210	4444
6211	6281
6212	4444
6213	4444
6214	5662
6215	4444
6216	9135
6217	4444
6218	2369
6219	3411
6220	1169
6221	4123
6222	4444
6223	4444
6224	4843
6225	4444
6226	3517
6227	6010
6228	8373
6229	7174
6230	4444
6231	4542
6232	7739
6233	9788
6234	9973
6235	7120
6236	4444
6237	4444
6238	3793
6239	9973
6240	7739
6241	760
6242	9629
6243	9973
6244	3047
6245	4444
6246	2139
6247	3517
6248	7739
6249	4444
6250	495
6251	6307
6252	6558
6253	9686
6254	9973
6255	3639
6256	852
6257	4444
6258	4444
6259	405
6260	9973
6261	5076
6262	819
6263	4444
6264	7739
6265	4444
6266	4620
6267	4444
6268	2219
6269	7739
6270	2686
6271	9973
6272	4444
6273	3517
6274	1760
6275	1669
6276	8116
6277	3517
6278	6653
6279	3980
6280	4444
6281	9779
6282	9051
6283	7291
6284	3517
6285	7210
6286	4444
6287	6882
6288	2308
6289	2881
6290	8760
6291	7174
6292	4444
6293	2333
6294	4444
6295	9973
6296	9973
6297	6016
6298	4444
6299	72
6300	3517
6301	7568
6302	6106
6303	6253
6304	9973
6305	1138
6306	9973
6307	9973
6308	3562
6309	9685
6310	4444
6311	4444
6312	9973
6313	7739
6314	9184
6315	5316
6316	4444
6317	6541
6318	9792
6319	3411
6320	565
6321	4444
6322	7739
6323	7761
6324	3360
6325	8144
6326	4444
6327	7739
6328	9973
6329	3411
6330	3637
6331	461
6332	9184
6333	5424
6334	4345
6335	8892
6336	2491
6337	4571
6338	6558
6339	4444
6340	9973
6341	4444
6342	3936
6343	9491
6344	9792
6345	4953
6346	244
6347	7739
6348	3411
6349	1125
6350	7705
6351	5850
6352	3517
6353	8429
6354	3688
6355	7193
6356	3517
6357	264
6358	3087
6359	4444
6360	9792
6361	4066
6362	7739
6363	9973
6364	7739
6365	8931
6366	7717
6367	4758
6368	1569
6369	627
6370	7048
6371	4811
6372	9973
6373	4444
6374	9973
6375	4444
6376	4444
6377	3987
6378	9973
6379	3920
6380	3517
6381	6473
6382	9973
6383	9973
6384	4444
6385	4444
6386	6268
6387	9935
6388	6224
6389	3767
6390	4444
6391	3776
6392	9193
6393	1754
6394	4444
6395	7739
6396	9973
6397	1896
6398	9973
6399	1437
6400	9973
6401	6443
6402	7583
6403	2845
6404	4444
6405	2845
6406	9973
6407	9973
6408	3517
6409	6177
6410	8666
6411	9073
6412	6943
6413	613
6414	4444
6415	6306
6416	2135
6417	4444
6418	7739
6419	4444
6420	1630
6421	7737
6422	3411
6423	5448
6424	4900
6425	9973
6426	3761
6427	4444
6428	1730
6429	4444
6430	9973
6431	5407
6432	7739
6433	3517
6434	319
6435	6275
6436	2585
6437	129
6438	4444
6439	4935
6440	4444
6441	4444
6442	5081
6443	4267
6444	9973
6445	9973
6446	7608
6447	9073
6448	4444
6449	7377
6450	9190
6451	9792
6452	8363
6453	4444
6454	8640
6455	9973
6456	3414
6457	4444
6458	3517
6459	4264
6460	4444
6461	4444
6462	2466
6463	1669
6464	7174
6465	9973
6466	9973
6467	657
6468	9973
6469	4185
6470	5029
6471	3517
6472	4444
6473	4444
6474	4444
6475	7802
6476	4444
6477	7739
6478	7487
6479	7739
6480	6168
6481	9973
6482	7739
6483	3517
6484	4444
6485	1187
6486	3517
6487	3777
6488	823
6489	4444
6490	9100
6491	4444
6492	4444
6493	465
6494	3517
6495	4929
6496	9792
6497	3432
6498	6898
6499	8042
6500	4444
6501	7739
6502	9135
6503	2418
6504	8667
6505	3411
6506	1387
6507	5662
6508	4444
6509	7460
6510	2771
6511	2673
6512	2129
6513	4188
6514	7174
6515	5226
6516	358
6517	9973
6518	771
6519	8028
6520	9973
6521	6107
6522	6281
6523	587
6524	591
6525	4444
6526	4444
6527	7419
6528	2873
6529	4444
6530	4444
6531	539
6532	4444
6533	9973
6534	3627
6535	67
6536	9973
6537	591
6538	833
6539	3411
6540	4444
6541	9973
6542	18
6543	4444
6544	2669
6545	9792
6546	9792
6547	1888
6548	6783
6549	5435
6550	2669
6551	781
6552	3411
6553	9973
6554	4444
6555	6221
6556	4974
6557	8624
6558	4444
6559	1126
6560	61
6561	9973
6562	9973
6563	3517
6564	4444
6565	1291
6566	7265
6567	4444
6568	207
6569	7243
6570	4444
6571	6323
6572	4444
6573	7831
6574	3987
6575	4444
6576	9911
6577	7174
6578	63
6579	8995
6580	6662
6581	9973
6582	7739
6583	4699
6584	7913
6585	4948
6586	8547
6587	8624
6588	3779
6589	4444
6590	632
6591	4444
6592	1213
6593	9953
6594	9973
6595	9973
6596	921
6597	9973
6598	3517
6599	1245
6600	7841
6601	3625
6602	1203
6603	9973
6604	9973
6605	7828
6606	2000
6607	9973
6608	6566
6609	2203
6610	212
6611	2491
6612	7736
6613	661
6614	2491
6615	3655
6616	7030
6617	7028
6618	4444
6619	9975
6620	537
6621	2876
6622	4444
6623	9973
6624	4444
6625	5536
6626	4444
6627	9792
6628	4267
6629	7427
6630	9973
6631	7739
6632	4102
6633	9973
6634	9909
6635	822
6636	3783
6637	3517
6638	9973
6639	4646
6640	4667
6641	9973
6642	7729
6643	319
6644	4444
6645	7739
6646	4444
6647	3411
6648	8526
6649	4444
6650	9973
6651	9973
6652	8761
6653	6150
6654	9973
6655	4444
6656	8712
6657	2845
6658	1826
6659	9820
6660	4444
6661	6186
6662	319
6663	6162
6664	4444
6665	1669
6666	3957
6667	4444
6668	9973
6669	8547
6670	9973
6671	2845
6672	7171
6673	8840
6674	218
6675	823
6676	2382
6677	438
6678	4444
6679	5980
6680	9973
6681	8009
6682	9973
6683	6280
6684	9973
6685	8619
6686	9792
6687	7229
6688	6281
6689	1472
6690	9973
6691	2669
6692	4444
6693	8340
6694	3517
6695	4974
6696	9973
6697	9086
6698	5966
6699	7754
6700	9973
6701	8642
6702	9973
6703	354
6704	9973
6705	1113
6706	9426
6707	7739
6708	9973
6709	2575
6710	4444
6711	5927
6712	3411
6713	4444
6714	7739
6715	9973
6716	7739
6717	7977
6718	2004
6719	3987
6720	9973
6721	5968
6722	4444
6723	9973
6724	4579
6725	3987
6726	9973
6727	9973
6728	9792
6729	3862
6730	9973
6731	7708
6732	5705
6733	5633
6734	9973
6735	3517
6736	4444
6737	4444
6738	4444
6739	9973
6740	2862
6741	9902
6742	5517
6743	8667
6744	5273
6745	4444
6746	9973
6747	3517
6748	542
6749	5393
6750	6871
6751	9973
6752	3258
6753	7080
6754	7739
6755	3987
6756	6281
6757	3875
6758	4444
6759	9792
6760	1200
6761	4444
6762	9973
6763	8786
6764	9301
6765	9973
6766	4444
6767	5364
6768	1318
6769	9514
6770	9973
6771	9973
6772	9973
6773	4444
6774	7762
6775	8266
6776	4357
6777	9973
6778	4444
6779	3517
6780	5413
6781	7281
6782	3517
6783	9366
6784	4444
6785	4444
6786	1410
6787	3679
6788	4444
6789	4444
6790	3377
6791	9915
6792	3411
6793	1232
6794	4502
6795	9973
6796	4811
6797	5328
6798	4444
6799	9973
6800	5878
6801	4444
6802	137
6803	4444
6804	4444
6805	7422
6806	3987
6807	4502
6808	3517
6809	2004
6810	8466
6811	7468
6812	3876
6813	3517
6814	3517
6815	3411
6816	1476
6817	9973
6818	8542
6819	9792
6820	4435
6821	4815
6822	4161
6823	8363
6824	9792
6825	4444
6826	7739
6827	2730
6828	1085
6829	1781
6830	9973
6831	4444
6832	9973
6833	5360
6834	3517
6835	9973
6836	4444
6837	4444
6838	6751
6839	6541
6840	4098
6841	3834
6842	4444
6843	4444
6844	9973
6845	9973
6846	9973
6847	7080
6848	3517
6849	9973
6850	8144
6851	6898
6852	3326
6853	8643
6854	8535
6855	6
6856	792
6857	4851
6858	3517
6859	4667
6860	5588
6861	3099
6862	3517
6863	4444
6864	9638
6865	8023
6866	7285
6867	608
6868	8571
6869	2737
6870	4539
6871	8429
6872	8230
6873	7739
6874	4444
6875	5147
6876	9973
6877	9584
6878	2172
6879	7174
6880	7739
6881	4444
6882	9973
6883	7228
6884	4444
6885	9973
6886	4444
6887	8363
6888	3517
6889	9973
6890	2505
6891	8699
6892	7805
6893	2909
6894	7576
6895	1171
6896	2668
6897	3800
6898	9973
6899	9973
6900	3333
6901	9973
6902	9973
6903	5845
6904	1265
6905	3411
6906	1669
6907	1141
6908	950
6909	4444
6910	3517
6911	8508
6912	732
6913	9120
6914	4444
6915	3787
6916	8931
6917	3517
6918	9973
6919	3180
6920	4444
6921	8995
6922	1410
6923	7739
6924	9973
6925	4444
6926	3517
6927	4621
6928	6709
6929	9973
6930	4444
6931	9014
6932	9973
6933	9973
6934	4444
6935	9912
6936	6703
6937	4444
6938	7739
6939	9792
6940	4444
6941	4444
6942	5577
6943	9910
6944	3679
6945	5420
6946	4444
6947	8931
6948	4444
6949	9973
6950	6566
6951	7171
6952	3987
6953	4785
6954	4444
6955	6221
6956	4444
6957	4444
6958	7174
6959	9973
6960	1626
6961	9973
6962	6953
6963	4444
6964	5492
6965	1679
6966	3794
6967	4444
6968	7587
6969	5938
6970	9171
6971	4444
6972	9051
6973	3223
6974	9973
6975	4444
6976	1353
6977	9291
6978	6006
6979	6443
6980	4444
6981	7739
6982	3732
6983	1177
6984	2845
6985	4444
6986	4444
6987	6455
6988	3258
6989	3712
6990	9973
6991	8423
6992	9973
6993	9160
6994	823
6995	9973
6996	8464
6997	3641
6998	2845
6999	4444
7000	6383
7001	2754
7002	7739
7003	7371
7004	4444
7005	7732
7006	4444
7007	4444
7008	4444
7009	9973
7010	2403
7011	5046
7012	4444
7013	4444
7014	4159
7015	9973
7016	8810
7017	6640
7018	4444
7019	9973
7020	7174
7021	4444
7022	4444
7023	9973
7024	4914
7025	9973
7026	3439
7027	9100
7028	2547
7029	3881
7030	9973
7031	9008
7032	4444
7033	4444
7034	1633
7035	2845
7036	9973
7037	4444
7038	7739
7039	1626
7040	7760
7041	3517
7042	7739
7043	9792
7044	1816
7045	7054
7046	3957
7047	9996
7048	1669
7049	4444
7050	9973
7051	9497
7052	9792
7053	9973
7054	3220
7055	87
7056	7739
7057	6147
7058	4444
7059	6231
7060	2089
7061	2845
7062	4444
7063	8611
7064	9973
7065	9586
7066	4444
7067	7739
7068	9973
7069	7010
7070	4444
7071	5647
7072	7174
7073	9587
7074	4444
7075	6871
7076	3138
7077	3108
7078	4444
7079	7883
7080	6647
7081	4444
7082	9973
7083	9147
7084	3987
7085	6052
7086	82
7087	4444
7088	2273
7089	9973
7090	968
7091	8064
7092	8023
7093	6084
7094	9973
7095	4444
7096	3517
7097	6127
7098	3664
7099	9973
7100	1575
7101	7739
7102	3101
7103	6541
7104	7739
7105	7735
7106	4444
7107	2874
7108	4444
7109	6393
7110	2481
7111	4444
7112	2845
7113	2125
7114	9973
7115	2882
7116	7050
7117	2630
7118	4872
7119	1599
7120	3932
7121	6739
7122	4984
7123	4444
7124	2573
7125	4769
7126	3558
7127	8748
7128	4769
7129	3472
7130	3517
7131	4444
7132	4444
7133	908
7134	3389
7135	7262
7136	8858
7137	5898
7138	4444
7139	9332
7140	7033
7141	1460
7142	6051
7143	9317
7144	8266
7145	7739
7146	6566
7147	9973
7148	8294
7149	9973
7150	4444
7151	9973
7152	3517
7153	7739
7154	45
7155	6841
7156	9792
7157	7568
7158	4444
7159	1884
7160	9973
7161	1416
7162	8984
7163	5156
7164	1206
7165	9973
7166	9792
7167	8464
7168	8144
7169	7739
7170	5185
7171	516
7172	7739
7173	2845
7174	9973
7175	3411
7176	1876
7177	9176
7178	4556
7179	9973
7180	4444
7181	3049
7182	9973
7183	2845
7184	3411
7185	2898
7186	9973
7187	4444
7188	4444
7189	8350
7190	9792
7191	4444
7192	8228
7193	4444
7194	4444
7195	7150
7196	9792
7197	4444
7198	9973
7199	9973
7200	4444
7201	4444
7202	4444
7203	3517
7204	910
7205	1763
7206	1210
7207	9973
7208	5577
7209	910
7210	3987
7211	6322
7212	4444
7213	3517
7214	5747
7215	9973
7216	503
7217	4444
7218	4188
7219	7739
7220	51
7221	4444
7222	678
7223	559
7224	368
7225	4444
7226	539
7227	7083
7228	4444
7229	1690
7230	6566
7231	4444
7232	6340
7233	9198
7234	87
7235	384
7236	6551
7237	4444
7238	8976
7239	9973
7240	7100
7241	9973
7242	4444
7243	4444
7244	4861
7245	9973
7246	4444
7247	4104
7248	4444
7249	3517
7250	4444
7251	4444
7252	9973
7253	3517
7254	8069
7255	4444
7256	79
7257	9973
7258	9973
7259	4444
7260	4502
7261	9408
7262	3463
7263	9101
7264	5943
7265	4560
7266	948
7267	3411
7268	6276
7269	3147
7270	1287
7271	5256
7272	3451
7273	9973
7274	8547
7275	4444
7276	5566
7277	648
7278	7248
7279	6428
7280	9792
7281	9973
7282	4444
7283	207
7284	1946
7285	4444
7286	8024
7287	9973
7288	8035
7289	934
7290	4712
7291	7076
7292	3558
7293	8035
7294	7739
7295	4444
7296	891
7297	103
7298	7174
7299	3566
7300	4444
7301	9936
7302	2788
7303	4444
7304	152
7305	4848
7306	2741
7307	5577
7308	3411
7309	4679
7310	6566
7311	9973
7312	2452
7313	4444
7314	4444
7315	9973
7316	7174
7317	9973
7318	3517
7319	4814
7320	3517
7321	7305
7322	9577
7323	8837
7324	9973
7325	4444
7326	7275
7327	5180
7328	2608
7329	8292
7330	4267
7331	1944
7332	4444
7333	9973
7334	2465
7335	3987
7336	3411
7337	9973
7338	3779
7339	9973
7340	4444
7341	7281
7342	6915
7343	7866
7344	2845
7345	7282
7346	6180
7347	4444
7348	4444
7349	2252
7350	4444
7351	7739
7352	8872
7353	1510
7354	8931
7355	9973
7356	9136
7357	2110
7358	7007
7359	654
7360	1899
7361	3411
7362	7739
7363	3499
7364	7283
7365	4444
7366	4444
7367	9973
7368	5498
7369	9973
7370	4444
7371	9973
7372	1730
7373	9973
7374	6073
7375	1071
7376	5898
7377	1163
7378	4444
7379	9973
7380	4444
7381	4444
7382	9973
7383	9457
7384	4444
7385	3429
7386	2742
7387	4444
7388	4444
7389	7281
7390	4444
7391	8813
7392	4444
7393	4444
7394	9973
7395	4444
7396	3517
7397	6596
7398	9973
7399	5452
7400	3050
7401	4094
7402	8439
7403	3517
7404	164
7405	4444
7406	5288
7407	4889
7408	4925
7409	8872
7410	4444
7411	4974
7412	9792
7413	9245
7414	6566
7415	4444
7416	4872
7417	4072
7418	1669
7419	686
7420	5583
7421	7174
7422	9973
7423	9973
7424	5412
7425	347
7426	4444
7427	4444
7428	4444
7429	2553
7430	9262
7431	3727
7432	8897
7433	853
7434	3517
7435	2511
7436	9973
7437	3833
7438	5199
7439	7693
7440	9973
7441	9973
7442	4444
7443	2378
7444	4444
7445	9973
7446	823
7447	4444
7448	5013
7449	9889
7450	4444
7451	4444
7452	7739
7453	9973
7454	631
7455	4444
7456	2845
7457	4562
7458	5040
7459	2615
7460	4444
7461	3411
7462	4444
7463	7174
7464	8487
7465	2054
7466	771
7467	578
7468	4444
7469	4444
7470	3497
7471	5113
7472	7174
7473	7609
7474	1883
7475	9973
7476	4444
7477	2167
7478	1070
7479	8779
7480	9911
7481	8376
7482	8050
7483	7739
7484	7739
7485	7324
7486	4444
7487	9973
7488	7069
7489	2845
7490	2845
7491	9973
7492	2845
7493	9973
7494	1813
7495	8529
7496	4444
7497	728
7498	2267
7499	4444
7500	2220
7501	9973
7502	3411
7503	4769
7504	3987
7505	4444
7506	1133
7507	9973
7508	895
7509	9973
7510	9973
7511	6743
7512	9973
7513	8931
7514	5848
7515	8839
7516	7739
7517	9973
7518	7017
7519	9973
7520	7312
7521	4444
7522	4905
7523	2845
7524	4444
7525	81
7526	4444
7527	7739
7528	8680
7529	9973
7530	5279
7531	8475
7532	4593
7533	2021
7534	4229
7535	9973
7536	3411
7537	3728
7538	4444
7539	82
7540	9973
7541	1996
7542	3880
7543	2654
7544	4502
7545	4444
7546	4831
7547	3517
7548	4444
7549	4444
7550	4444
7551	2460
7552	9973
7553	7739
7554	8806
7555	4319
7556	4123
7557	1884
7558	1698
7559	2011
7560	4444
7561	5812
7562	9421
7563	7739
7564	4444
7565	4575
7566	7174
7567	6459
7568	1288
7569	8035
7570	7739
7571	4444
7572	9973
7573	7174
7574	4444
7575	9973
7576	4444
7577	3411
7578	2261
7579	6541
7580	7739
7581	7254
7582	4267
7583	4444
7584	7174
7585	9973
7586	9792
7587	1665
7588	9068
7589	4444
7590	3411
7591	4771
7592	2398
7593	9792
7594	3987
7595	1885
7596	3082
7597	5059
7598	1096
7599	5236
7600	6615
7601	4444
7602	7732
7603	319
7604	4444
7605	7174
7606	7739
7607	1273
7608	4444
7609	4444
7610	9973
7611	4444
7612	4444
7613	7174
7614	6007
7615	1989
7616	9973
7617	3854
7618	9973
7619	9973
7620	9517
7621	7739
7622	4444
7623	4444
7624	3411
7625	5676
7626	4444
7627	7739
7628	8395
7629	7677
7630	4444
7631	4444
7632	3517
7633	7225
7634	3653
7635	9973
7636	9973
7637	8432
7638	9973
7639	6051
7640	1816
7641	589
7642	4444
7643	3494
7644	2118
7645	3476
7646	3411
7647	8704
7648	9407
7649	602
7650	686
7651	4444
7652	9973
7653	4444
7654	3987
7655	9973
7656	7739
7657	4444
7658	9973
7659	4994
7660	1166
7661	9973
7662	9973
7663	4444
7664	9973
7665	3517
7666	9036
7667	3517
7668	9973
7669	9623
7670	3637
7671	344
7672	9077
7673	4444
7674	3120
7675	4382
7676	7003
7677	1986
7678	4444
7679	4444
7680	4444
7681	9973
7682	9973
7683	7487
7684	4637
7685	2081
7686	7780
7687	6492
7688	3411
7689	4174
7690	7739
7691	4025
7692	4444
7693	4444
7694	8802
7695	9973
7696	4444
7697	9190
7698	4444
7699	8231
7700	7859
7701	4444
7702	7739
7703	2780
7704	4444
7705	3987
7706	1763
7707	9973
7708	4444
7709	865
7710	630
7711	9973
7712	4727
7713	8642
7714	4444
7715	6541
7716	4444
7717	7739
7718	4444
7719	4444
7720	4444
7721	2712
7722	4539
7723	4444
7724	4444
7725	4444
7726	5712
7727	1597
7728	7761
7729	7100
7730	9973
7731	9973
7732	4444
7733	9973
7734	7174
7735	4733
7736	4141
7737	4444
7738	7732
7739	9973
7740	6892
7741	4444
7742	3533
7743	8931
7744	9804
7745	5256
7746	7739
7747	4444
7748	9973
7749	3104
7750	9973
7751	9878
7752	9973
7753	3945
7754	9973
7755	4444
7756	9973
7757	7739
7758	2021
7759	9973
7760	5485
7761	4090
7762	2845
7763	7739
7764	7739
7765	1113
7766	6455
7767	6428
7768	4925
7769	2398
7770	5938
7771	3335
7772	9973
7773	7938
7774	4444
7775	4148
7776	9973
7777	3517
7778	7295
7779	9973
7780	4444
7781	9973
7782	7568
7783	1962
7784	9973
7785	760
7786	7374
7787	4444
7788	2615
7789	9973
7790	9744
7791	3517
7792	8289
7793	4444
7794	9289
7795	9973
7796	7739
7797	4444
7798	4444
7799	4444
7800	807
7801	4444
7802	4444
7803	7739
7804	9973
7805	9973
7806	4444
7807	3517
7808	3433
7809	7870
7810	7732
7811	7174
7812	7977
7813	7912
7814	4444
7815	5524
7816	1760
7817	9973
7818	8379
7819	1509
7820	3987
7821	7739
7822	9973
7823	440
7824	1498
7825	912
7826	9964
7827	3077
7828	1429
7829	9973
7830	8562
7831	668
7832	7739
7833	7739
7834	9973
7835	5398
7836	3368
7837	4444
7838	8483
7839	4565
7840	7377
7841	4444
7842	97
7843	7739
7844	7174
7845	8976
7846	8960
7847	9973
7848	9973
7849	4444
7850	4444
7851	3517
7852	4172
7853	9127
7854	2780
7855	9811
7856	7739
7857	9973
7858	4444
7859	4444
7860	568
7861	9973
7862	4444
7863	7841
7864	9973
7865	4444
7866	4444
7867	1090
7868	969
7869	4444
7870	4444
7871	2845
7872	9973
7873	6051
7874	325
7875	4444
7876	9816
7877	9973
7878	7739
7879	9973
7880	9973
7881	9973
7882	2109
7883	9973
7884	8288
7885	4945
7886	9973
7887	854
7888	4444
7889	9072
7890	7693
7891	8475
7892	9638
7893	3517
7894	6903
7895	648
7896	3517
7897	4886
7898	9973
7899	4159
7900	6052
7901	3433
7902	959
7903	9757
7904	3411
7905	5901
7906	9135
7907	6896
7908	9973
7909	4043
7910	8599
7911	5823
7912	3517
7913	9299
7914	3987
7915	5775
7916	6304
7917	9973
7918	7732
7919	3665
7920	4444
7921	9973
7922	8868
7923	3411
7924	7738
7925	6180
7926	4444
7927	9973
7928	6178
7929	9973
7930	6883
7931	4054
7932	7739
7933	4444
7934	9605
7935	9792
7936	3517
7937	4444
7938	4444
7939	7478
7940	4444
7941	1049
7942	2400
7943	4444
7944	2351
7945	9973
7946	4444
7947	4444
7948	7739
7949	6411
7950	2021
7951	7739
7952	7739
7953	4444
7954	5364
7955	2143
7956	3058
7957	8839
7958	4444
7959	5208
7960	3411
7961	6443
7962	1100
7963	9973
7964	4444
7965	4444
7966	9132
7967	6481
7968	7739
7969	73
7970	9973
7971	7732
7972	3180
7973	9973
7974	4444
7975	2236
7976	3517
7977	6147
7978	9973
7979	6257
7980	4444
7981	4811
7982	2845
7983	2725
7984	9792
7985	3517
7986	6513
7987	9973
7988	126
7989	5485
7990	4444
7991	296
7992	3574
7993	4444
7994	3517
7995	6281
7996	4444
7997	9864
7998	3941
7999	6596
8000	3767
8001	1876
8002	9953
8003	2577
8004	4444
8005	6596
8006	4444
8007	7981
8008	4444
8009	7739
8010	8624
8011	9216
8012	5674
8013	4444
8014	1277
8015	9973
8016	7739
8017	4437
8018	4444
8019	9973
8020	438
8021	3850
8022	9408
8023	6655
8024	7398
8025	7480
8026	9762
8027	4444
8028	4444
8029	9193
8030	4444
8031	4444
8032	4444
8033	745
8034	9381
8035	7739
8036	2805
8037	5051
8038	2661
8039	6036
8040	4155
8041	7739
8042	8160
8043	8060
8044	4444
8045	5873
8046	4444
8047	9973
8048	7739
8049	6787
8050	7178
8051	2573
8052	4444
8053	4444
8054	4444
8055	3517
8056	4444
8057	6914
8058	9973
8059	9973
8060	6520
8061	9973
8062	7076
8063	4444
8064	4444
8065	1286
8066	7739
8067	3987
8068	4444
8069	8624
8070	4651
8071	7387
8072	9973
8073	7487
8074	4444
8075	6195
8076	3411
8077	115
8078	2550
8079	1110
8080	6523
8081	4444
8082	6063
8083	4444
8084	9973
8085	4444
8086	5622
8087	4062
8088	3517
8089	7739
8090	4009
8091	7739
8092	1561
8093	7739
8094	8667
8095	1513
8096	7739
8097	9973
8098	4444
8099	4161
8100	7739
8101	9973
8102	574
8103	4444
8104	2606
8105	9973
8106	4575
8107	6541
8108	3517
8109	9973
8110	4444
8111	8838
8112	9973
8113	9973
8114	6135
8115	4444
8116	7987
8117	346
8118	5309
8119	4444
8120	9129
8121	2192
8122	6596
8123	9973
8124	4393
8125	1469
8126	3987
8127	9973
8128	2170
8129	4444
8130	4444
8131	7639
8132	9792
8133	6253
8134	6541
8135	4444
8136	3517
8137	8539
8138	9973
8139	5541
8140	4444
8141	4444
8142	5403
8143	5662
8144	3648
8145	2717
8146	9973
8147	4444
8148	9973
8149	1898
8150	4444
8151	3115
8152	6541
8153	4444
8154	9084
8155	7476
8156	5692
8157	9792
8158	6605
8159	728
8160	5242
8161	3759
8162	4444
8163	9973
8164	3517
8165	9792
8166	1460
8167	4811
8168	4433
8169	4814
8170	4444
8171	2845
8172	1265
8173	7738
8174	9973
8175	3411
8176	984
8177	7367
8178	4444
8179	4444
8180	1918
8181	6428
8182	9973
8183	5511
8184	4807
8185	1350
8186	9069
8187	433
8188	9973
8189	940
8190	3411
8191	4742
8192	9973
8193	3987
8194	9973
8195	2961
8196	7991
8197	1278
8198	438
8199	4756
8200	7739
8201	4444
8202	9973
8203	7746
8204	4444
8205	82
8206	7639
8207	5848
8208	7083
8209	6280
8210	4444
8211	9973
8212	7693
8213	7732
8214	2120
8215	2491
8216	5048
8217	1679
8218	4444
8219	7739
8220	9792
8221	8009
8222	9973
8223	7739
8224	4032
8225	9980
8226	8676
8227	4444
8228	5812
8229	9973
8230	6207
8231	9973
8232	9482
8233	4185
8234	9973
8235	6802
8236	2686
8237	3879
8238	2845
8239	9973
8240	4769
8241	4110
8242	3085
8243	9973
8244	7174
8245	9973
8246	9299
8247	9930
8248	6227
8249	1858
8250	164
8251	3987
8252	4444
8253	8674
8254	7739
8255	7739
8256	4444
8257	9973
8258	9973
8259	4612
8260	6823
8261	8993
8262	3929
8263	5473
8264	9973
8265	4444
8266	4208
8267	7732
8268	1789
8269	7739
8270	8224
8271	9973
8272	4444
8273	4444
8274	7732
8275	9973
8276	7487
8277	9973
8278	2540
8279	1980
8280	7739
8281	7045
8282	4055
8283	7743
8284	8599
8285	4444
8286	4444
8287	4444
8288	7739
8289	3989
8290	9973
8291	4444
8292	3517
8293	9973
8294	7174
8295	2021
8296	7739
8297	4444
8298	4444
8299	1493
8300	8835
8301	9973
8302	8993
8303	9437
8304	4444
8305	9973
8306	3517
8307	1259
8308	3220
8309	3351
8310	6718
8311	5776
8312	3517
8313	8624
8314	9973
8315	9973
8316	7174
8317	5404
8318	4444
8319	4444
8320	4444
8321	3517
8322	4444
8323	1814
8324	4444
8325	4444
8326	4816
8327	4444
8328	6637
8329	3266
8330	4444
8331	3517
8332	7739
8333	1463
8334	6847
8335	4919
8336	9270
8337	5758
8338	7487
8339	4444
8340	4444
8341	7367
8342	7739
8343	9973
8344	4444
8345	9973
8346	9973
8347	1310
8348	4444
8349	7739
8350	2172
8351	9792
8352	7994
8353	4444
8354	7739
8355	9973
8356	5823
8357	4444
8358	4444
8359	1113
8360	4114
8361	9973
8362	3597
8363	9973
8364	1016
8365	7739
8366	9963
8367	2504
8368	6541
8369	1522
8370	8624
8371	4444
8372	9973
8373	7739
8374	4330
8375	4948
8376	4159
8377	2459
8378	5848
8379	9973
8380	4267
8381	2675
8382	9838
8383	3411
8384	9973
8385	9973
8386	9973
8387	9792
8388	4444
8389	9766
8390	4444
8391	6187
8392	3517
8393	4444
8394	7739
8395	9973
8396	9549
8397	4444
8398	7739
8399	3517
8400	741
8401	4444
8402	4444
8403	35
8404	9973
8405	5571
8406	7568
8407	9973
8408	9973
8409	4562
8410	9973
8411	3392
8412	3517
8413	4444
8414	7051
8415	9973
8416	3411
8417	4267
8418	6307
8419	4444
8420	8203
8421	2098
8422	3411
8423	1546
8424	2584
8425	8547
8426	8116
8427	4444
8428	3613
8429	4640
8430	1788
8431	9973
8432	4935
8433	319
8434	9973
8435	9973
8436	4444
8437	9792
8438	240
8439	3411
8440	9770
8441	9973
8442	4444
8443	494
8444	9973
8445	9024
8446	9973
8447	3021
8448	4444
8449	6541
8450	9973
8451	3828
8452	1031
8453	9482
8454	2041
8455	6981
8456	9973
8457	4165
8458	7739
8459	9973
8460	3987
8461	4831
8462	9792
8463	2589
8464	4267
8465	4444
8466	3268
8467	7225
8468	9973
8469	2130
8470	6817
8471	6675
8472	4444
8473	9301
8474	4444
8475	9024
8476	7739
8477	3794
8478	9973
8479	6788
8480	2833
8481	9850
8482	4444
8483	4090
8484	9973
8485	7195
8486	5591
8487	9973
8488	9973
8489	9478
8490	7973
8491	6893
8492	4444
8493	3411
8494	9973
8495	4444
8496	4119
8497	3411
8498	4338
8499	8840
8500	4444
8501	3517
8502	7739
8503	5289
8504	4444
8505	4444
8506	3987
8507	4444
8508	9260
8509	4444
8510	4444
8511	115
8512	8839
8513	7603
8514	4028
8515	7732
8516	4444
8517	4444
8518	4444
8519	8298
8520	4444
8521	9792
8522	3517
8523	2990
8524	9973
8525	9973
8526	4444
8527	6264
8528	3517
8529	3411
8530	4444
8531	4444
8532	7739
8533	8101
8534	7054
8535	7732
8536	1962
8537	4444
8538	7227
8539	9973
8540	7739
8541	4444
8542	6919
8543	2351
8544	9260
8545	4444
8546	3411
8547	9973
8548	9973
8549	6417
8550	4444
8551	6281
8552	9973
8553	7174
8554	8547
8555	6158
8556	6436
8557	7739
8558	3517
8559	9973
8560	4482
8561	4106
8562	4444
8563	5938
8564	4267
8565	4444
8566	8683
8567	1839
8568	6596
8569	5712
8570	2845
8571	9973
8572	7298
8573	4758
8574	575
8575	4444
8576	4444
8577	3411
8578	1689
8579	1630
8580	4444
8581	7739
8582	5424
8583	9973
8584	9792
8585	3517
8586	7739
8587	8941
8588	9100
8589	1001
8590	9973
8591	4444
8592	9973
8593	4444
8594	4444
8595	6541
8596	3058
8597	3517
8598	7179
8599	4444
8600	2724
8601	9973
8602	4273
8603	4638
8604	8344
8605	4444
8606	4444
8607	733
8608	9973
8609	5485
8610	3411
8611	3517
8612	8094
8613	462
8614	8439
8615	9436
8616	6541
8617	4444
8618	4444
8619	4444
8620	3987
8621	3517
8622	4444
8623	6841
8624	4444
8625	9792
8626	1966
8627	7971
8628	3517
8629	2130
8630	4444
8631	2514
8632	6941
8633	2076
8634	4444
8635	4502
8636	8089
8637	4444
8638	350
8639	9973
8640	4444
8641	4444
8642	5517
8643	2690
8644	2136
8645	4009
8646	4444
8647	9973
8648	24
8649	2516
8650	9973
8651	9871
8652	6841
8653	9973
8654	9402
8655	9973
8656	1907
8657	7378
8658	4944
8659	4332
8660	6078
8661	9742
8662	2268
8663	4444
8664	7739
8665	7843
8666	4444
8667	9973
8668	9973
8669	5884
8670	7174
8671	7720
8672	7320
8673	4943
8674	4444
8675	9973
8676	3517
8677	9380
8678	4444
8679	322
8680	4444
8681	4444
8682	9973
8683	3761
8684	4263
8685	4439
8686	5373
8687	5412
8688	4444
8689	3792
8690	6541
8691	4062
8692	539
8693	5935
8694	2845
8695	4444
8696	8039
8697	6898
8698	4623
8699	8479
8700	2104
8701	3411
8702	9973
8703	1960
8704	3059
8705	7124
8706	5837
8707	2347
8708	9332
8709	8239
8710	4769
8711	4558
8712	4444
8713	266
8714	4444
8715	9422
8716	1416
8717	4444
8718	9973
8719	3517
8720	3433
8721	4444
8722	2184
8723	6638
8724	3517
8725	4998
8726	4444
8727	1416
8728	4444
8729	4444
8730	3517
8731	6725
8732	4444
8733	9270
8734	9792
8735	3517
8736	4444
8737	4444
8738	9973
8739	9792
8740	6553
8741	4354
8742	7018
8743	7225
8744	3517
8745	9973
8746	5572
8747	9973
8748	6024
8749	9973
8750	7739
8751	8121
8752	7739
8753	4339
8754	9973
8755	4444
8756	24
8757	9118
8758	4444
8759	4444
8760	5015
8761	1175
8762	9976
8763	4444
8764	1433
8765	1724
8766	6703
8767	9973
8768	8518
8769	7015
8770	9973
8771	9838
8772	4444
8773	6921
8774	7729
8775	4444
8776	6541
8777	9792
8778	2081
8779	8565
8780	2906
8781	3980
8782	6073
8783	16
8784	9792
8785	3517
8786	4822
8787	7739
8788	9970
8789	3433
8790	2028
8791	7732
8792	7743
8793	4444
8794	3987
8795	9809
8796	1019
8797	1771
8798	7003
8799	4444
8800	3313
8801	3411
8802	8673
8803	4444
8804	2481
8805	7980
8806	3411
8807	3517
8808	9973
8809	9973
8810	7174
8811	4444
8812	7739
8813	3411
8814	7739
8815	9973
8816	9973
8817	1524
8818	4444
8819	4444
8820	1419
8821	4444
8822	8612
8823	4444
8824	9973
8825	4444
8826	2000
8827	9745
8828	3356
8829	4444
8830	3987
8831	3411
8832	6762
8833	9418
8834	6417
8835	5125
8836	5034
8837	9135
8838	9792
8839	9973
8840	3987
8841	4444
8842	4444
8843	9973
8844	9565
8845	3517
8846	1906
8847	6705
8848	6805
8849	5088
8850	471
8851	4444
8852	9973
8853	3100
8854	9527
8855	2021
8856	3411
8857	9973
8858	1523
8859	7739
8860	3411
8861	3869
8862	6211
8863	3522
8864	9973
8865	3517
8866	8350
8867	4444
8868	7269
8869	6157
8870	5381
8871	2172
8872	9973
8873	8931
8874	3411
8875	7661
8876	2754
8877	4359
8878	4444
8879	4444
8880	5090
8881	455
8882	4444
8883	9973
8884	4634
8885	1972
8886	9973
8887	374
8888	6338
8889	4444
8890	179
8891	9434
8892	4444
8893	3517
8894	1001
8895	1125
8896	9382
8897	5668
8898	4444
8899	9768
8900	7805
8901	9973
8902	3517
8903	3517
8904	9973
8905	4444
8906	4421
8907	4444
8908	9973
8909	3494
8910	2799
8911	7535
8912	7690
8913	9792
8914	9973
8915	5641
8916	3244
8917	3517
8918	9973
8919	2753
8920	4444
8921	3389
8922	5919
8923	4444
8924	2686
8925	770
8926	3987
8927	4444
8928	4444
8929	3279
8930	2277
8931	7732
8932	3822
8933	9973
8934	4502
8935	9850
8936	7739
8937	3517
8938	9973
8939	427
8940	5379
8941	9973
8942	5795
8943	3517
8944	8936
8945	6565
8946	7739
8947	5238
8948	3517
8949	7608
8950	9792
8951	4444
8952	9048
8953	9973
8954	4556
8955	8492
8956	4444
8957	9973
8958	6323
8959	9973
8960	4444
8961	9973
8962	2845
8963	8803
8964	8118
8965	4444
8966	926
8967	8660
8968	9792
8969	5396
8970	2897
8971	2273
8972	4444
8973	4444
8974	9278
8975	9973
8976	2845
8977	4444
8978	7398
8979	9491
8980	811
8981	7550
8982	7736
8983	8089
8984	1510
8985	9973
8986	7054
8987	536
8988	4444
8989	8745
8990	4502
8991	8707
8992	799
8993	663
8994	9973
8995	9973
8996	4444
8997	266
8998	9973
8999	3997
9000	9811
9001	9973
9002	7623
9003	9973
9004	7036
9005	9973
9006	2845
9007	402
9008	9973
9009	9238
9010	4444
9011	2845
9012	4444
9013	2753
9014	4877
9015	9973
9016	4444
9017	8717
9018	940
9019	4444
9020	7739
9021	4444
9022	9792
9023	494
9024	1728
9025	9973
9026	9973
9027	250
9028	418
9029	3517
9030	1669
9031	7174
9032	9973
9033	1665
9034	7739
9035	1481
9036	4444
9037	4444
9038	4444
9039	9973
9040	9973
9041	7769
9042	8064
9043	4444
9044	4444
9045	9973
9046	6623
9047	7739
9048	7847
9049	3517
9050	3097
9051	3439
9052	4444
9053	5276
9054	4814
9055	4444
9056	8624
9057	206
9058	7739
9059	9973
9060	8599
9061	9973
9062	7739
9063	4444
9064	3180
9065	6268
9066	4444
9067	16
9068	4444
9069	494
9070	5607
9071	9973
9072	391
9073	3411
9074	4444
9075	8322
9076	7227
9077	4444
9078	9963
9079	7879
9080	5239
9081	7285
9082	8788
9083	4444
9084	6007
9085	8624
9086	9973
9087	5579
9088	3987
9089	83
9090	8734
9091	7735
9092	745
9093	886
9094	3220
9095	7305
9096	7739
9097	9973
9098	9973
9099	2129
9100	2845
9101	4444
9102	4444
9103	2845
9104	4444
9105	4238
9106	6761
9107	9135
9108	9973
9109	4502
9110	4444
9111	5583
9112	4444
9113	4444
9114	6221
9115	6131
9116	9973
9117	4444
9118	3433
9119	578
9120	4444
9121	9973
9122	8024
9123	7196
9124	4444
9125	7174
9126	5038
9127	731
9128	3517
9129	703
9130	8595
9131	9973
9132	4444
9133	7396
9134	4260
9135	6443
9136	7873
9137	5148
9138	4444
9139	7557
9140	9973
9141	4367
9142	6793
9143	7739
9144	7739
9145	4444
9146	9973
9147	9988
9148	9973
9149	9973
9150	4444
9151	9973
9152	7100
9153	1220
9154	8014
9155	9973
9156	4444
9157	3683
9158	9792
9159	5478
9160	7732
9161	4444
9162	9973
9163	7456
9164	4444
9165	9973
9166	7469
9167	4444
9168	3139
9169	7989
9170	8213
9171	571
9172	4444
9173	4444
9174	9973
9175	9973
9176	9144
9177	7693
9178	8612
9179	9063
9180	9699
9181	3517
9182	9792
9183	9973
9184	9973
9185	2054
9186	6532
9187	4444
9188	6762
9189	6596
9190	4444
9191	3894
9192	3700
9193	3176
9194	4675
9195	8024
9196	7174
9197	526
9198	9289
9199	9973
9200	2116
9201	3201
9202	2780
9203	9639
9204	4462
9205	1159
9206	4800
9207	9973
9208	5610
9209	9973
9210	601
9211	1836
9212	9973
9213	844
9214	3517
9215	9973
9216	122
9217	7477
9218	9973
9219	7676
9220	2463
9221	9792
9222	9973
9223	4444
9224	4444
9225	4444
9226	2845
9227	6871
9228	6494
9229	620
9230	9973
9231	4818
9232	9973
9233	9973
9234	2845
9235	1166
9236	7739
9237	7174
9238	7676
9239	9139
9240	9973
9241	4444
9242	3987
9243	2392
9244	2166
9245	8681
9246	9973
9247	5337
9248	9100
9249	8908
9250	4444
9251	9973
9252	9973
9253	5785
9254	887
9255	3987
9256	9973
9257	8316
9258	7577
9259	2607
9260	4444
9261	574
9262	3517
9263	4444
9264	7735
9265	2862
9266	85
9267	990
9268	7739
9269	4444
9270	7260
9271	5167
9272	1245
9273	9973
9274	4444
9275	9973
9276	6072
9277	9973
9278	4444
9279	4491
9280	4444
9281	1698
9282	7739
9283	1171
9284	3411
9285	6107
9286	7739
9287	9973
9288	1962
9289	2125
9290	6596
9291	8778
9292	944
9293	6943
9294	8645
9295	9973
9296	8134
9297	7739
9298	3987
9299	9973
9300	3517
9301	2621
9302	4444
9303	6209
9304	6932
9305	9973
9306	3351
9307	3249
9308	4444
9309	3366
9310	9973
9311	586
9312	6543
9313	8916
9314	1930
9315	207
9316	4396
9317	1669
9318	9973
9319	1726
9320	1653
9321	4444
9322	4562
9323	9973
9324	3411
9325	2627
9326	4444
9327	4444
9328	4342
9329	4599
9330	5392
9331	8310
9332	8591
9333	5360
9334	254
9335	4238
9336	9973
9337	4444
9338	5050
9339	4444
9340	7739
9341	3517
9342	4444
9343	1420
9344	4444
9345	8142
9346	4444
9347	1507
9348	4444
9349	2
9350	4444
9351	2407
9352	5610
9353	7174
9354	4031
9355	1026
9356	8219
9357	2174
9358	7739
9359	969
9360	2986
9361	4444
9362	4436
9363	4935
9364	4444
9365	8956
9366	4444
9367	9973
9368	4444
9369	3987
9370	9725
9371	9148
9372	9973
9373	7739
9374	4502
9375	821
9376	6898
9377	4870
9378	1251
9379	3411
9380	8835
9381	7174
9382	5520
9383	5485
9384	4444
9385	4444
9386	9973
9387	1760
9388	8019
9389	7174
9390	8624
9391	7732
9392	82
9393	9973
9394	3761
9395	9973
9396	9973
9397	9973
9398	9973
9399	7066
9400	4444
9401	9973
9402	6444
9403	9973
9404	4444
9405	9973
9406	8444
9407	4444
9408	4017
9409	6802
9410	19
9411	4444
9412	4444
9413	4043
9414	6541
9415	4444
9416	9509
9417	4444
9418	6051
9419	5884
9420	9973
9421	4444
9422	5393
9423	7739
9424	9973
9425	9973
9426	8646
9427	4444
9428	2110
9429	4444
9430	4444
9431	3411
9432	3662
9433	5712
9434	4444
9435	5812
9436	9327
9437	7739
9438	9973
9439	7739
9440	9973
9441	9973
9442	9973
9443	6816
9444	4935
9445	9973
9446	9973
9447	9973
9448	3176
9449	4444
9450	3411
9451	2466
9452	7906
9453	4444
9454	9973
9455	3715
9456	3517
9457	4444
9458	3987
9459	6496
9460	6541
9461	9973
9462	214
9463	6652
9464	797
9465	9973
9466	3987
9467	9193
9468	4444
9469	7739
9470	7769
9471	9973
9472	4444
9473	7739
9474	9973
9475	9878
9476	3530
9477	1885
9478	7739
9479	5149
9480	319
9481	4444
9482	9973
9483	5641
9484	8144
9485	4444
9486	8936
9487	419
9488	4444
9489	3517
9490	4444
9491	3517
9492	6428
9493	4444
9494	9973
9495	4444
9496	4444
9497	4562
9498	9545
9499	9973
9500	7739
9501	4444
9502	6964
9503	600
9504	1806
9505	4444
9506	1463
9507	9973
9508	287
9509	9973
9510	9973
9511	1977
9512	4319
9513	5342
9514	2873
9515	4444
9516	2055
9517	4185
9518	3987
9519	8547
9520	4444
9521	5728
9522	9565
9523	5511
9524	7739
9525	7739
9526	9973
9527	2593
9528	9973
9529	4444
9530	5424
9531	7739
9532	7739
9533	902
9534	9351
9535	4444
9536	9973
9537	4444
9538	7174
9539	4444
9540	1539
9541	9792
9542	4444
9543	9792
9544	7901
9545	4444
9546	4444
9547	3517
9548	1466
9549	4444
9550	4643
9551	9792
9552	3517
9553	6700
9554	4444
9555	127
9556	9581
9557	9973
9558	1317
9559	4185
9560	7739
9561	4066
9562	4188
9563	7739
9564	4444
9565	4480
9566	3360
9567	4444
9568	3517
9569	2461
9570	4444
9571	4578
9572	9792
9573	5760
9574	4444
9575	5880
9576	8717
9577	1291
9578	7691
9579	4081
9580	7807
9581	8139
9582	7739
9583	9973
9584	9792
9585	9973
9586	5775
9587	4444
9588	1781
9589	2196
9590	9973
9591	4444
9592	3987
9593	421
9594	3777
9595	4621
9596	6322
9597	2961
9598	2845
9599	4140
9600	7739
9601	9973
9602	4444
9603	3448
9604	9792
9605	9973
9606	9973
9607	7919
9608	4444
9609	6541
9610	6180
9611	9973
9612	9482
9613	9792
9614	6874
9615	3517
9616	3517
9617	9057
9618	5017
9619	7739
9620	9824
9621	3732
9622	4444
9623	9973
9624	7174
9625	3517
9626	4444
9627	1057
9628	4444
9629	6937
9630	9973
9631	7670
9632	7736
9633	6841
9634	6333
9635	5205
9636	5481
9637	9973
9638	4444
9639	644
9640	6224
9641	4444
9642	207
9643	9556
9644	4444
9645	8116
9646	4423
9647	6417
9648	2178
9649	3987
9650	1698
9651	9973
9652	6070
9653	6278
9654	9973
9655	3517
9656	9973
9657	7120
9658	2257
9659	9745
9660	9973
9661	413
9662	1562
9663	476
9664	1146
9665	4444
9666	6159
9667	9973
9668	7163
9669	7665
9670	9973
9671	9287
9672	1455
9673	8599
9674	3413
9675	4444
9676	6224
9677	9466
9678	3688
9679	5180
9680	3776
9681	4444
9682	9973
9683	3411
9684	3411
9685	9973
9686	3987
9687	9973
9688	7739
9689	4444
9690	9973
9691	2294
9692	4054
9693	52
9694	4444
9695	2726
9696	3517
9697	9973
9698	9973
9699	9973
9700	7739
9701	2110
9702	9792
9703	4444
9704	3745
9705	3517
9706	5642
9707	7739
9708	3517
9709	6652
9710	6989
9711	4914
9712	4444
9713	3517
9714	5207
9715	4922
9716	4444
9717	9973
9718	9973
9719	2396
9720	4974
9721	6706
9722	2533
9723	8599
9724	7739
9725	4444
9726	7925
9727	2000
9728	6413
9729	9973
9730	4444
9731	7739
9732	9973
9733	4444
9734	419
9735	3688
9736	4444
9737	4444
9738	1906
9739	9973
9740	4444
9741	3411
9742	4267
9743	7739
9744	2136
9745	4861
9746	823
9747	9973
9748	9973
9749	9973
9750	4444
9751	9973
9752	4444
9753	6898
9754	4444
9755	147
9756	9973
9757	3439
9758	6541
9759	7739
9760	7739
9761	7739
9762	9973
9763	9973
9764	354
9765	4858
9766	1628
9767	3411
9768	7739
9769	9973
9770	2236
9771	6452
9772	872
9773	3411
9774	4444
9775	1639
9776	8523
9777	9973
9778	6428
9779	4444
9780	20
9781	6694
9782	4332
9783	3517
9784	6063
9785	5848
9786	8350
9787	6158
9788	5364
9789	7739
9790	3950
9791	3534
9792	7739
9793	5344
9794	9973
9795	4429
9796	2845
9797	5393
9798	6482
9799	3484
9800	4649
9801	9973
9802	9605
9803	4476
9804	7739
9805	9973
9806	4444
9807	4502
9808	4444
9809	9973
9810	3761
9811	94
9812	1128
9813	9973
9814	2460
9815	4444
9816	9803
9817	7739
9818	4208
9819	4161
9820	3517
9821	4232
9822	2717
9823	3411
9824	556
9825	9973
9826	4444
9827	9973
9828	2127
9829	9792
9830	4208
9831	2876
9832	8872
9833	4444
9834	1173
9835	5928
9836	4444
9837	6458
9838	4444
9839	3176
9840	1692
9841	9973
9842	9973
9843	2845
9844	4444
9845	9973
9846	2167
9847	1006
9848	7739
9849	169
9850	9416
9851	4444
9852	9100
9853	3411
9854	3517
9855	9973
9856	3517
9857	9973
9858	6051
9859	6073
9860	9973
9861	5279
9862	73
9863	4444
9864	4444
9865	5076
9866	4444
9867	8146
9868	9792
9869	6964
9870	2855
9871	9179
9872	3517
9873	9973
9874	9973
9875	9973
9876	9973
9877	9973
9878	3411
9879	9973
9880	5485
9881	9973
9882	9973
9883	6841
9884	9973
9885	4444
9886	9792
9887	6541
9888	3220
9889	9973
9890	5426
9891	4023
9892	3987
9893	5424
9894	9973
9895	4444
9896	6898
9897	9704
9898	6986
9899	8823
9900	7732
9901	5320
9902	7994
9903	9973
9904	7996
9905	3411
9906	3517
9907	5227
9908	9792
9909	6745
9910	3793
9911	4444
9912	7739
9913	4444
9914	3517
9915	4444
9916	3630
9917	4444
9918	3152
9919	4764
9920	730
9921	4815
9922	7739
9923	9973
9924	7746
9925	4444
9926	5564
9927	4444
9928	2845
9929	1297
9930	2081
9931	4444
9932	4444
9933	8931
9934	3411
9935	7739
9936	4444
9937	7949
9938	3411
9939	8279
9940	4444
9941	7510
9942	7739
9943	3708
9944	4444
9945	1420
9946	1755
9947	9973
9948	7739
9949	6915
9950	8276
9951	7281
9952	9602
9953	9973
9954	4444
9955	3517
9956	5485
9957	4090
9958	6215
9959	3757
9960	5354
9961	2607
9962	3517
9963	4850
9964	1001
9965	4889
9966	7802
9967	3987
9968	8271
9969	7236
9970	1513
9971	7312
9972	3517
9973	3794
9974	7739
9975	620
9976	4444
9977	4444
9978	132
9979	2755
9980	4841
9981	9804
9982	4444
9983	9849
9984	3517
9985	3517
9986	5138
9987	3051
9988	3517
9989	4444
9990	4444
9991	8461
9992	7225
9993	1795
9994	8116
9995	1378
9996	583
9997	7739
9998	4444
9999	3515
10000	6459
